300
3.87877001476963912e-02
-2.89288214476578875e-01
-2.93723743636847501e-01
3.87877001476963912e-02
-2.98418252075732360e-01
-2.87018904136232267e-01
-2.98247543192950992e-01
-2.92780729273320495e-01
3.87877001476963912e-02
3.87877001476963912e-02
-2.92974486424276981e-01
-2.97653420901238974e-01
3.87877001476963912e-02
-2.86928641863766876e-01
-2.86283706985585307e-01
3.87877001476963912e-02
3.87877001476963912e-02
3.87877001476963912e-02
3.87877001476963912e-02
-2.93760035285106580e-01
3.87877001476963912e-02
-3.03325241808667989e-01
-2.85194881904910880e-01
3.87877001476963912e-02
3.87877001476963912e-02
-2.83669219987116972e-01
3.87877001476963912e-02
3.87877001476963912e-02
-3.01292474403411059e-01
-2.89163709753790410e-01
-2.97679029925610128e-01
3.87877001476963912e-02
3.87877001476963912e-02
-2.93051129527125476e-01
-2.89392314176108778e-01
3.87877001476963912e-02
3.87877001476963912e-02
-2.89332161104568497e-01
-2.86852115989681966e-01
3.87877001476963912e-02
3.87877001476963912e-02
-2.86038760321367158e-01
-2.98281064976147203e-01
-2.92770492095279167e-01
3.87877001476963912e-02
3.87877001476963912e-02
-2.86386643750434988e-01
3.87877001476963912e-02
3.87877001476963912e-02
-2.83616363893395118e-01
3.87877001476963912e-02
-3.05083702050822247e-01
-2.98439463763430279e-01
3.87877001476963912e-02
3.87877001476963912e-02
3.87877001476963912e-02
3.87877001476963912e-02
-3.00672835432578556e-01
-2.87194041008999257e-01
3.87877001476963912e-02
-3.11805863050751753e-01
-2.87163288482255363e-01
-2.85626485300675359e-01
3.87877001476963912e-02
3.87877001476963912e-02
-2.83634108825439435e-01
-3.17437625921720035e-01
-2.88718921388771754e-01
3.87877001476963912e-02
-2.94775680249281524e-01
-2.85484097676365511e-01
3.87877001476963912e-02
3.87877001476963912e-02
-2.86005393111577744e-01
-2.93216754015527048e-01
3.87877001476963912e-02
-2.91822474568234569e-01
3.87877001476963912e-02
-2.90310003580537102e-01
3.87877001476963912e-02
3.87877001476963912e-02
3.87877001476963912e-02
-2.96509840881962694e-01
-2.93440715225644244e-01
3.87877001476963912e-02
-2.87414700988149752e-01
-2.86882260252666110e-01
3.87877001476963912e-02
-2.94413516606874537e-01
-2.87869484621672667e-01
3.87877001476963912e-02
-2.99658627283376944e-01
-2.98807171313404951e-01
-3.17012748489415686e-01
-2.84588202279064506e-01
3.87877001476963912e-02
3.87877001476963912e-02
-2.83042683373888937e-01
3.87877001476963912e-02
3.87877001476963912e-02
-3.00038406657679502e-01
-2.87295295050850885e-01
-2.98737919671900665e-01
-2.92445402433068102e-01
3.87877001476963912e-02
-2.91668090351711207e-01
-2.87540747833321675e-01
3.87877001476963912e-02
3.87877001476963912e-02
-2.94698021360219331e-01
-2.83785215932096713e-01
3.87877001476963912e-02
3.87877001476963912e-02
-2.84955486761397925e-01
-3.03764891445058194e-01
-2.90511648846621395e-01
3.87877001476963912e-02
3.87877001476963912e-02
-2.87998202511215828e-01
3.87877001476963912e-02
3.87877001476963912e-02
-2.84766668893745079e-01
-2.91247114945612728e-01
3.87877001476963912e-02
-2.91539299861459045e-01
3.87877001476963912e-02
-2.97450563166350379e-01
3.87877001476963912e-02
3.87877001476963912e-02
-2.94320009012049799e-01
-2.89826865312529935e-01
3.87877001476963912e-02
-3.12522022356600204e-01
-2.84541091939547686e-01
3.87877001476963912e-02
3.87877001476963912e-02
3.87877001476963912e-02
-2.83652298721265517e-01
-3.09773060149110824e-01
-2.91524886156950103e-01
3.87877001476963912e-02
-3.02306244194707863e-01
-2.83740999993547183e-01
3.87877001476963912e-02
3.87877001476963912e-02
-2.86693736534863575e-01
-2.94629715294180416e-01
3.87877001476963912e-02
-2.93091540247635618e-01
-2.90800382595184315e-01
-2.92489749789195119e-01
3.87877001476963912e-02
3.87877001476963912e-02
-3.00457457829963526e-01
-2.88605632816947344e-01
3.87877001476963912e-02
-3.17992389865421166e-01
-2.86622375817405961e-01
-2.85730500262452281e-01
3.87877001476963912e-02
3.87877001476963912e-02
3.87877001476963912e-02
3.87877001476963912e-02
-2.98870627209164075e-01
-3.05533820129933742e-01
-3.05224131384280561e-01
-2.86561817640177074e-01
3.87877001476963912e-02
3.87877001476963912e-02
-2.83578965255366244e-01
3.87877001476963912e-02
3.87877001476963912e-02
-2.98992632791728274e-01
-2.89716626447889092e-01
-2.97116657530900830e-01
3.87877001476963912e-02
3.87877001476963912e-02
-2.92236078390191722e-01
-2.88375472596427873e-01
3.87877001476963912e-02
3.87877001476963912e-02
-2.89175832402865762e-01
-2.85738636190362938e-01
3.87877001476963912e-02
-2.93698541376260558e-01
-2.88094296098019287e-01
-2.93743571481146659e-01
-2.96572487608191049e-01
3.87877001476963912e-02
3.87877001476963912e-02
-2.88532946671560764e-01
3.87877001476963912e-02
3.87877001476963912e-02
-2.84861862409297284e-01
-3.01093217188530493e-01
-3.11385305743960727e-01
-2.94374782960461656e-01
3.87877001476963912e-02
3.87877001476963912e-02
-2.99169604802296707e-01
3.87877001476963912e-02
-2.97190551585194362e-01
-2.87570332371104687e-01
3.87877001476963912e-02
-3.11166293233601399e-01
-2.86227331079353720e-01
3.87877001476963912e-02
3.87877001476963912e-02
3.87877001476963912e-02
-2.84236591140771711e-01
-3.08611872476650617e-01
-2.89649966389588676e-01
3.87877001476963912e-02
-2.94822231901038789e-01
-2.84661689877306334e-01
3.87877001476963912e-02
3.87877001476963912e-02
-2.89024535869236987e-01
-2.88366007634351607e-01
3.87877001476963912e-02
-2.91928735454104138e-01
-2.96816254751715081e-01
-2.92276463996167302e-01
3.87877001476963912e-02
3.87877001476963912e-02
3.87877001476963912e-02
-2.92838727523352438e-01
-2.97024022058608117e-01
3.87877001476963912e-02
-2.85045612618478383e-01
-2.88713563612168600e-01
3.87877001476963912e-02
3.87877001476963912e-02
3.87877001476963912e-02
3.87877001476963912e-02
-2.93615276196913189e-01
-3.06136195167283964e-01
-3.08098500695162369e-01
-2.83620950422295182e-01
3.87877001476963912e-02
3.87877001476963912e-02
-2.83290301655047205e-01
3.87877001476963912e-02
3.87877001476963912e-02
-3.05215172911421750e-01
-2.86842281197598414e-01
-2.99955195872981584e-01
3.87877001476963912e-02
3.87877001476963912e-02
-2.97573578840713115e-01
-2.85727162701353399e-01
3.87877001476963912e-02
3.87877001476963912e-02
-2.94735704816370181e-01
-2.83459338160955365e-01
3.87877001476963912e-02
3.87877001476963912e-02
-2.84831595642931201e-01
-3.07822190036194432e-01
-2.88231865063510728e-01
3.87877001476963912e-02
3.87877001476963912e-02
-2.88550956153600657e-01
3.87877001476963912e-02
3.87877001476963912e-02
-2.83879133314550891e-01
-2.97603100719467328e-01
-3.08400749929408358e-01
-2.95955727707126470e-01
3.87877001476963912e-02
3.87877001476963912e-02
3.87877001476963912e-02
3.87877001476963912e-02
-2.96789499411975743e-01
-2.90417407933129978e-01
-3.02460610556096798e-01
3.87877001476963912e-02
-2.84746608639743715e-01
-2.89224023982751544e-01
3.87877001476963912e-02
3.87877001476963912e-02
-2.84592489294225259e-01
-3.04722450551193569e-01
-2.91605597184558696e-01
3.87877001476963912e-02
-3.03081310420676209e-01
-2.83264707497480117e-01
3.87877001476963912e-02
3.87877001476963912e-02
-2.85968707992796833e-01
-2.97629471819085389e-01
-3.18440130115423603e-01
-2.93025819947839605e-01
-2.90093876713268084e-01
-2.92114444673852058e-01
3.87877001476963912e-02
3.87877001476963912e-02
3.87877001476963912e-02
-2.92720075148622638e-01
-2.98163912529901320e-01
