300
0.00000000000000000e+00
-3.30793617540642237e-01
-3.36986644446558015e-01
0.00000000000000000e+00
-3.32249638958438287e-01
-3.40287888159475249e-01
-3.29099250766683560e-01
-3.34006967625166185e-01
0.00000000000000000e+00
0.00000000000000000e+00
-3.30838424858477753e-01
-3.39131014879871129e-01
0.00000000000000000e+00
-3.34125469166923206e-01
-3.39852111119107125e-01
0.00000000000000000e+00
0.00000000000000000e+00
0.00000000000000000e+00
0.00000000000000000e+00
-3.35670541452511462e-01
0.00000000000000000e+00
-3.28064768354743352e-01
-3.33348449831776417e-01
0.00000000000000000e+00
0.00000000000000000e+00
-3.37724841979382073e-01
0.00000000000000000e+00
0.00000000000000000e+00
-3.31690933617646622e-01
-3.39837563388334096e-01
-3.27504296517103222e-01
0.00000000000000000e+00
0.00000000000000000e+00
-3.30298852463469739e-01
-3.33101918464667746e-01
0.00000000000000000e+00
0.00000000000000000e+00
-3.31985968714329949e-01
-3.37461717542704043e-01
0.00000000000000000e+00
0.00000000000000000e+00
-3.39537724076726943e-01
-3.27972424769961080e-01
-3.35314353937721576e-01
0.00000000000000000e+00
0.00000000000000000e+00
-3.31247301692891849e-01
0.00000000000000000e+00
0.00000000000000000e+00
-3.34676807524123265e-01
0.00000000000000000e+00
-3.32262228215099431e-01
-3.33736414583961361e-01
0.00000000000000000e+00
0.00000000000000000e+00
0.00000000000000000e+00
0.00000000000000000e+00
-3.27494438466248650e-01
-3.32535001479645986e-01
0.00000000000000000e+00
-3.27017779794472552e-01
-3.35727614008696551e-01
-3.39170146015437490e-01
0.00000000000000000e+00
0.00000000000000000e+00
-3.37415820339622530e-01
-3.23362142791175866e-01
-3.34761390691474037e-01
0.00000000000000000e+00
-3.30189131953830872e-01
-3.35200318631458938e-01
0.00000000000000000e+00
0.00000000000000000e+00
-3.32593885691296387e-01
-3.40154010742623747e-01
0.00000000000000000e+00
-3.32559968419762486e-01
0.00000000000000000e+00
-3.30611779630504310e-01
0.00000000000000000e+00
0.00000000000000000e+00
0.00000000000000000e+00
-3.30234417181416939e-01
-3.38806614814622764e-01
0.00000000000000000e+00
-3.33145307886372033e-01
-3.38939127933207296e-01
0.00000000000000000e+00
-3.29136705925287210e-01
-3.37740466127917249e-01
0.00000000000000000e+00
-3.35255478605243351e-01
-3.37719095987042750e-01
-3.24504548307734730e-01
-3.33124073322268510e-01
0.00000000000000000e+00
0.00000000000000000e+00
-3.36610844692092681e-01
0.00000000000000000e+00
0.00000000000000000e+00
-3.32902874077670108e-01
-3.40927781360754578e-01
-3.29822897972624984e-01
-3.34302143088685499e-01
0.00000000000000000e+00
-3.30974914612371107e-01
-3.36031179756911380e-01
0.00000000000000000e+00
0.00000000000000000e+00
-3.31945285529593181e-01
-3.36198950077965408e-01
0.00000000000000000e+00
0.00000000000000000e+00
-3.38807257732222311e-01
-3.26873103291443645e-01
-3.34714961082419271e-01
0.00000000000000000e+00
0.00000000000000000e+00
-3.30370586709519076e-01
0.00000000000000000e+00
0.00000000000000000e+00
-3.34530972987099495e-01
-3.40805366955534761e-01
0.00000000000000000e+00
-3.34416562660421579e-01
0.00000000000000000e+00
-3.25554243637241558e-01
0.00000000000000000e+00
0.00000000000000000e+00
-3.29644169069508330e-01
-3.32547707724095087e-01
0.00000000000000000e+00
-3.27746668996631851e-01
-3.38521388232715825e-01
0.00000000000000000e+00
0.00000000000000000e+00
0.00000000000000000e+00
-3.38201105527128232e-01
-3.26021344615373299e-01
-3.36922753372782380e-01
0.00000000000000000e+00
-3.29544796203448453e-01
-3.35117357382155534e-01
0.00000000000000000e+00
0.00000000000000000e+00
-3.31885439077074629e-01
-3.39588096785122973e-01
0.00000000000000000e+00
-3.32818622255987684e-01
-3.40461187468652560e-01
-3.30172083292550600e-01
0.00000000000000000e+00
0.00000000000000000e+00
-3.26017965213978134e-01
-3.31703372526879703e-01
0.00000000000000000e+00
-3.24818720332536837e-01
-3.35100804728678814e-01
-3.40479417383891092e-01
0.00000000000000000e+00
0.00000000000000000e+00
0.00000000000000000e+00
0.00000000000000000e+00
-3.33344292214838911e-01
-3.32063452027937467e-01
-3.25370838220324587e-01
-3.32011949169335185e-01
0.00000000000000000e+00
0.00000000000000000e+00
-3.36316324967798230e-01
0.00000000000000000e+00
0.00000000000000000e+00
-3.33019067585032746e-01
-3.41222408666802868e-01
-3.28954228219957179e-01
0.00000000000000000e+00
0.00000000000000000e+00
-3.30732667101896860e-01
-3.34854184841382907e-01
0.00000000000000000e+00
0.00000000000000000e+00
-3.32818065278556674e-01
-3.37783229188778733e-01
0.00000000000000000e+00
-3.30532763205819979e-01
-3.39126035011262816e-01
-3.29140180721230247e-01
-3.34844450078697398e-01
0.00000000000000000e+00
0.00000000000000000e+00
-3.30559734363070123e-01
0.00000000000000000e+00
0.00000000000000000e+00
-3.32517286040649396e-01
-3.40002339545962651e-01
-3.29395825471149095e-01
-3.31287383243445921e-01
0.00000000000000000e+00
0.00000000000000000e+00
-3.34884424518908319e-01
0.00000000000000000e+00
-3.29017598688211454e-01
-3.33351075340099834e-01
0.00000000000000000e+00
-3.28769897126447164e-01
-3.37676289856439493e-01
0.00000000000000000e+00
0.00000000000000000e+00
0.00000000000000000e+00
-3.38021039091716990e-01
-3.25938795463560138e-01
-3.34655144410160477e-01
0.00000000000000000e+00
-3.30446916571602023e-01
-3.35462460190563583e-01
0.00000000000000000e+00
0.00000000000000000e+00
-3.31872174803781561e-01
-3.37753346627802431e-01
0.00000000000000000e+00
-3.33832341718769965e-01
-3.42494757587771759e-01
-3.30824060718005575e-01
0.00000000000000000e+00
0.00000000000000000e+00
0.00000000000000000e+00
-3.32866355289857474e-01
-3.41447538546617135e-01
0.00000000000000000e+00
-3.35365716153091298e-01
-3.40880238396686908e-01
0.00000000000000000e+00
0.00000000000000000e+00
0.00000000000000000e+00
0.00000000000000000e+00
-3.37472641617444280e-01
-3.37828536437274729e-01
-3.28803228502507150e-01
-3.35028072131168253e-01
0.00000000000000000e+00
0.00000000000000000e+00
-3.37836396686089224e-01
0.00000000000000000e+00
0.00000000000000000e+00
-3.31233435987059677e-01
-3.39477832692984982e-01
-3.27498436570113904e-01
0.00000000000000000e+00
0.00000000000000000e+00
-3.29467478447601270e-01
-3.34054054803294476e-01
0.00000000000000000e+00
0.00000000000000000e+00
-3.33737668765641315e-01
-3.37023655463911997e-01
0.00000000000000000e+00
0.00000000000000000e+00
-3.39689065966076231e-01
-3.27640446243038397e-01
-3.35858441547362774e-01
0.00000000000000000e+00
0.00000000000000000e+00
-3.30585889090321217e-01
0.00000000000000000e+00
0.00000000000000000e+00
-3.34442146406475460e-01
-3.40023166441501712e-01
-3.31485326028347238e-01
-3.34213183044550666e-01
0.00000000000000000e+00
0.00000000000000000e+00
0.00000000000000000e+00
0.00000000000000000e+00
-3.27649178879941383e-01
-3.33450299515545390e-01
-3.41140936632572889e-01
0.00000000000000000e+00
-3.37081238308134579e-01
-3.39679846024803000e-01
0.00000000000000000e+00
0.00000000000000000e+00
-3.38996632604217141e-01
-3.28246293145561363e-01
-3.36862446401539728e-01
0.00000000000000000e+00
-3.30240273614117563e-01
-3.35987981899809052e-01
0.00000000000000000e+00
0.00000000000000000e+00
-3.31873765831760537e-01
-3.39951036899972081e-01
-3.26735327040233781e-01
-3.31898209472769934e-01
-3.39008073855464886e-01
-3.29815820276760707e-01
0.00000000000000000e+00
0.00000000000000000e+00
0.00000000000000000e+00
-3.30142312928742965e-01
-3.37987099347672293e-01
