1600
-4.28880125060317197e-02
2.91915017004647892e-01
2.94940946484208655e-01
3.09588393643913162e-01
2.95143367390229616e-01
2.93595151624502892e-01
2.95979752384542327e-01
2.94519510277236274e-01
-4.28880125060317197e-02
-4.28880125060317197e-02
2.93431520567440929e-01
2.99875319129046247e-01
3.17040422288335899e-01
2.91248900304495961e-01
2.92557516983187327e-01
-4.28880125060317197e-02
-4.28880125060317197e-02
-4.28880125060317197e-02
-4.28880125060317197e-02
2.93738058926582002e-01
3.04902177530648300e-01
2.98050805958833376e-01
2.90945962142193593e-01
3.25334843263310969e-01
3.06173814099645780e-01
2.90709618285229121e-01
-4.28880125060317197e-02
-4.28880125060317197e-02
2.97115088096352897e-01
2.93931788230227253e-01
2.95592987610548585e-01
-4.28880125060317197e-02
-4.28880125060317197e-02
2.93409933196248085e-01
2.92363268044447122e-01
3.09992300762014006e-01
-4.28880125060317197e-02
2.91953784964338103e-01
2.92040726035341258e-01
3.23693952171337451e-01
-4.28880125060317197e-02
2.93136880587651527e-01
2.96043649576723578e-01
2.95273189340007458e-01
-4.28880125060317197e-02
3.05743581227139571e-01
2.91221396590412407e-01
-4.28880125060317197e-02
-4.28880125060317197e-02
2.90535147350480305e-01
3.02479452686658212e-01
2.98689218969139580e-01
2.96651669281252084e-01
-4.28880125060317197e-02
-4.28880125060317197e-02
-4.28880125060317197e-02
3.02430284444943631e-01
2.97087663638457955e-01
2.91479786683892628e-01
3.12915273210417677e-01
3.02629726440939051e-01
2.92008297519361804e-01
2.92622225467313701e-01
-4.28880125060317197e-02
-4.28880125060317197e-02
2.90933222236799516e-01
3.06831319512961442e-01
2.91909038575587698e-01
3.18880613973632265e-01
2.93916353701426158e-01
2.91147563708328172e-01
-4.28880125060317197e-02
-4.28880125060317197e-02
2.91037924477023924e-01
2.95915224909162444e-01
3.09123399744481553e-01
2.93325371681918745e-01
3.01227157696329184e-01
2.92381162832751840e-01
-4.28880125060317197e-02
-4.28880125060317197e-02
-4.28880125060317197e-02
2.95111980283331521e-01
2.96544997512834640e-01
3.24154830079480316e-01
2.91330757860296496e-01
2.92597670995999648e-01
3.14252544837482439e-01
2.94737626262204011e-01
2.95303430798538435e-01
-4.28880125060317197e-02
2.96879186535465078e-01
2.98091150767368585e-01
3.04767473143967293e-01
2.90814429193204271e-01
-4.28880125060317197e-02
-4.28880125060317197e-02
2.90461858700938047e-01
-4.28880125060317197e-02
-4.28880125060317197e-02
2.96068819791984295e-01
2.93473761777652775e-01
2.96124771127397157e-01
2.94009650564887592e-01
3.26658032532404607e-01
2.92792680023259311e-01
2.91918514807244622e-01
-4.28880125060317197e-02
-4.28880125060317197e-02
2.93880823169355154e-01
2.90800313197760674e-01
-4.28880125060317197e-02
-4.28880125060317197e-02
2.92029475457721843e-01
2.98541687348608475e-01
2.93487195817160651e-01
3.20485680654005123e-01
-4.28880125060317197e-02
2.91661347567442442e-01
-4.28880125060317197e-02
3.23400672174025294e-01
2.90744790512539708e-01
2.95734811028707190e-01
3.05050611853985743e-01
2.93506478030856666e-01
-4.28880125060317197e-02
2.95566576628968347e-01
-4.28880125060317197e-02
-4.28880125060317197e-02
2.93972261849593908e-01
2.92353545261111569e-01
3.06326256623624560e-01
3.02999294426372578e-01
2.91218134910217752e-01
-4.28880125060317197e-02
-4.28880125060317197e-02
-4.28880125060317197e-02
2.90932444721994088e-01
3.02943165045084506e-01
2.93046027761164840e-01
3.08697181798145703e-01
2.97149924446785896e-01
2.90661817068940898e-01
-4.28880125060317197e-02
-4.28880125060317197e-02
2.91243086271126106e-01
2.96252956540863310e-01
3.08821710732939736e-01
2.93685281446150082e-01
2.97637628403577326e-01
2.93317427713792489e-01
2.99137475281919141e-01
-4.28880125060317197e-02
2.97117272148841260e-01
2.91865541088215108e-01
3.08234438957761425e-01
3.06617553448769009e-01
2.91502239746761371e-01
2.92604105083429489e-01
-4.28880125060317197e-02
-4.28880125060317197e-02
-4.28880125060317197e-02
-4.28880125060317197e-02
2.95983044801895578e-01
2.99693486905081130e-01
2.99710598110513371e-01
2.91313593052143327e-01
3.14452180061567887e-01
-4.28880125060317197e-02
2.90529007535855421e-01
3.00269055949879904e-01
-4.28880125060317197e-02
2.95886223667273573e-01
2.94701633951034159e-01
2.95245534276366794e-01
-4.28880125060317197e-02
-4.28880125060317197e-02
2.93028888808913812e-01
2.92103789083113741e-01
-4.28880125060317197e-02
-4.28880125060317197e-02
2.91861351301747451e-01
2.91760987906981184e-01
-4.28880125060317197e-02
2.94155161338353732e-01
2.95293800730134226e-01
2.93894690453387286e-01
2.98249721205564255e-01
-4.28880125060317197e-02
-4.28880125060317197e-02
2.91702611828747793e-01
-4.28880125060317197e-02
-4.28880125060317197e-02
2.90837608862028918e-01
3.01776718689806878e-01
3.01637846416269562e-01
2.94771109091971906e-01
2.98344252903369911e-01
-4.28880125060317197e-02
2.96769580978125058e-01
-4.28880125060317197e-02
2.95229930130316176e-01
2.91603718564701908e-01
3.12405917333603900e-01
3.02448245239838764e-01
2.91846182707554747e-01
-4.28880125060317197e-02
-4.28880125060317197e-02
-4.28880125060317197e-02
2.91385612858545806e-01
3.01354315499044678e-01
2.92572281806367407e-01
3.18528563771261652e-01
2.93850442517398169e-01
2.90968626469120806e-01
-4.28880125060317197e-02
-4.28880125060317197e-02
2.91842703271802284e-01
2.92664808756536721e-01
3.21667630691760242e-01
2.92968159266916439e-01
3.00940151447948778e-01
2.93125077842442683e-01
-4.28880125060317197e-02
-4.28880125060317197e-02
-4.28880125060317197e-02
2.93378320320135055e-01
3.00052145821247174e-01
3.17139694041386588e-01
2.90835426034474043e-01
2.94422926033089782e-01
3.04579845671459737e-01
2.97983724661113447e-01
-4.28880125060317197e-02
3.01948579299686271e-01
2.94040157651436207e-01
3.03729049784087268e-01
3.00196836188704630e-01
2.90610426096926555e-01
-4.28880125060317197e-02
-4.28880125060317197e-02
2.90660327169657340e-01
-4.28880125060317197e-02
-4.28880125060317197e-02
2.99201064763264468e-01
2.92547603760915931e-01
2.96661742310941556e-01
-4.28880125060317197e-02
3.12134879260957454e-01
2.95209333662916185e-01
2.91129125234834973e-01
3.25694935313182832e-01
-4.28880125060317197e-02
2.94022333548070502e-01
2.90772347366160755e-01
-4.28880125060317197e-02
-4.28880125060317197e-02
2.91824764879829612e-01
3.00329038295982564e-01
2.92685508721966858e-01
-4.28880125060317197e-02
-4.28880125060317197e-02
2.91857864252814903e-01
3.07930909889245263e-01
-4.28880125060317197e-02
2.90574771532485232e-01
3.00163126878198183e-01
3.00266463555156404e-01
2.95564442704748687e-01
-4.28880125060317197e-02
-4.28880125060317197e-02
-4.28880125060317197e-02
-4.28880125060317197e-02
2.95167687438779025e-01
2.92422117426566430e-01
3.04154428244430619e-01
3.09571180770475463e-01
2.90928572840956190e-01
2.94859686343524441e-01
-4.28880125060317197e-02
2.98403163588448150e-01
2.91560045086496467e-01
2.99759818654637245e-01
2.93334950454742449e-01
3.07870188480824258e-01
2.97541037497724814e-01
2.90543161686644236e-01
-4.28880125060317197e-02
-4.28880125060317197e-02
2.91079944200398122e-01
2.98470712457635456e-01
3.05258655567683945e-01
2.93927350306735280e-01
2.97288396071020533e-01
2.93180791628941784e-01
2.99984337825427327e-01
-4.28880125060317197e-02
-4.28880125060317197e-02
2.93316010806888572e-01
3.00162304116015299e-01
3.15871549371294302e-01
2.91523901418626108e-01
2.92007004541300519e-01
-4.28880125060317197e-02
-4.28880125060317197e-02
2.93147778146153504e-01
-4.28880125060317197e-02
2.94566697654583320e-01
3.02760051906854066e-01
2.99619295878125913e-01
2.90896561144234400e-01
-4.28880125060317197e-02
3.06673198852320250e-01
2.90786092211305747e-01
-4.28880125060317197e-02
3.28471633917331529e-01
2.93520815710862359e-01
2.99100981632521079e-01
2.93849479622685206e-01
-4.28880125060317197e-02
-4.28880125060317197e-02
2.92035844149286239e-01
2.94250216856816071e-01
-4.28880125060317197e-02
-4.28880125060317197e-02
2.92690157216505153e-01
2.91563304733715889e-01
3.29902618553434279e-01
-4.28880125060317197e-02
2.92196122009385828e-01
2.98176143574443442e-01
2.93610250972582032e-01
3.16928603485350291e-01
-4.28880125060317197e-02
2.91653687853636767e-01
-4.28880125060317197e-02
-4.28880125060317197e-02
2.90699623565916998e-01
3.00595380963248004e-01
3.01654395031255906e-01
2.94923160933503070e-01
-4.28880125060317197e-02
-4.28880125060317197e-02
2.96134575536084743e-01
3.09256949540084147e-01
2.95536914182409849e-01
2.91293708795600015e-01
3.18866808554563341e-01
2.99202392445562404e-01
2.92972194833011734e-01
-4.28880125060317197e-02
-4.28880125060317197e-02
-4.28880125060317197e-02
2.90647826437357926e-01
3.07880480147496804e-01
2.92485514321092432e-01
3.11447418296522505e-01
2.95715719508898855e-01
2.90912105287167932e-01
3.32682821350497093e-01
-4.28880125060317197e-02
2.91480834750015294e-01
2.93695163636954026e-01
3.16354048194819049e-01
2.93040894840974453e-01
3.00672777337963881e-01
2.92905412711237434e-01
-4.28880125060317197e-02
-4.28880125060317197e-02
2.95741835121316909e-01
2.92533876096211454e-01
3.03702682956328962e-01
3.11494331113514933e-01
2.91018487910096324e-01
2.93570258353194946e-01
-4.28880125060317197e-02
2.98549741626423337e-01
-4.28880125060317197e-02
-4.28880125060317197e-02
2.97913739746996864e-01
2.96512035853259970e-01
3.07112548831848409e-01
2.90821708320273709e-01
-4.28880125060317197e-02
-4.28880125060317197e-02
2.90475926457182010e-01
-4.28880125060317197e-02
-4.28880125060317197e-02
2.96956361229785748e-01
2.92607682419842252e-01
2.97247910030845497e-01
2.93748991821815020e-01
-4.28880125060317197e-02
2.92798484829102645e-01
2.92085394401358278e-01
-4.28880125060317197e-02
3.20786454995854842e-01
2.91768878559975853e-01
2.91736558271925350e-01
-4.28880125060317197e-02
-4.28880125060317197e-02
2.92733273989215614e-01
2.95594302805591347e-01
2.95959158076222473e-01
-4.28880125060317197e-02
-4.28880125060317197e-02
2.92379298873288840e-01
3.03678425389244333e-01
3.32922820198690184e-01
2.90928070737352606e-01
2.95240585592540461e-01
3.09205848901999980e-01
2.93064773606721785e-01
3.04784341629899869e-01
-4.28880125060317197e-02
-4.28880125060317197e-02
-4.28880125060317197e-02
2.94690948969813182e-01
2.92240931004418059e-01
3.05338140496353716e-01
3.06642803320480717e-01
2.91010134403654974e-01
-4.28880125060317197e-02
3.36459969556898775e-01
2.96520689792184045e-01
2.91851978778814025e-01
2.99129433752723384e-01
2.93237046709750648e-01
3.12225902603003980e-01
2.95462415713079074e-01
2.90635054562780659e-01
-4.28880125060317197e-02
-4.28880125060317197e-02
2.91680680453624941e-01
2.93921008105142434e-01
3.15349446016790491e-01
2.93850363876878351e-01
2.97119277989293162e-01
2.93844417491865129e-01
-4.28880125060317197e-02
3.30949490664041779e-01
-4.28880125060317197e-02
2.92179507699262375e-01
3.05424465660297628e-01
3.08845736773743385e-01
2.91696996050419266e-01
2.92073359900705931e-01
-4.28880125060317197e-02
-4.28880125060317197e-02
-4.28880125060317197e-02
3.11360045018859388e-01
2.92825049794305015e-01
3.08594892454972847e-01
2.96365349995941385e-01
2.91007813717993336e-01
3.26193783810319382e-01
-4.28880125060317197e-02
2.90705359405932173e-01
-4.28880125060317197e-02
-4.28880125060317197e-02
2.96607990186957382e-01
2.94030123105530949e-01
2.95602366481584833e-01
-4.28880125060317197e-02
-4.28880125060317197e-02
2.93178443193484184e-01
2.92077537189325720e-01
-4.28880125060317197e-02
-4.28880125060317197e-02
2.91949664129361797e-01
2.91731259224008665e-01
-4.28880125060317197e-02
2.94176730270448383e-01
2.94714730310370654e-01
2.94348938390317838e-01
2.97342765905400375e-01
-4.28880125060317197e-02
3.07727497949828621e-01
2.91004292869317782e-01
-4.28880125060317197e-02
-4.28880125060317197e-02
2.90492460350589232e-01
3.05801284931215445e-01
2.96818011575643081e-01
2.98568808853433176e-01
-4.28880125060317197e-02
-4.28880125060317197e-02
3.00575943218206909e-01
3.01009976220077469e-01
2.96689024156591430e-01
2.91822610849456376e-01
3.08739733777751990e-01
3.06059867380422956e-01
2.91485027994368484e-01
2.92768771375601367e-01
-4.28880125060317197e-02
-4.28880125060317197e-02
2.90976283378054479e-01
3.02987766013556925e-01
2.92832640802975941e-01
3.10374033219278478e-01
2.96345242000316367e-01
2.90696187009426288e-01
-4.28880125060317197e-02
-4.28880125060317197e-02
2.91425525047056599e-01
2.93055219576572157e-01
3.17344210887102185e-01
2.92438527940968029e-01
3.04831480452672721e-01
2.92370550769989523e-01
-4.28880125060317197e-02
-4.28880125060317197e-02
-4.28880125060317197e-02
2.95839636660273297e-01
2.95377633675555529e-01
3.28437837769054886e-01
2.90973134590496285e-01
2.94273723959001865e-01
3.10346110841888900e-01
-4.28880125060317197e-02
2.93520964727130074e-01
-4.28880125060317197e-02
2.95395338288037934e-01
3.01010652107746801e-01
3.01169578918720870e-01
2.90881715124090445e-01
-4.28880125060317197e-02
-4.28880125060317197e-02
2.90468696456879560e-01
-4.28880125060317197e-02
3.15656384377355381e-01
2.95410448771508016e-01
2.94216290196036623e-01
2.95453900317321660e-01
2.94313686082154247e-01
3.27326071870197466e-01
2.92680146679927256e-01
2.91917547232267649e-01
-4.28880125060317197e-02
-4.28880125060317197e-02
2.93728865393616367e-01
2.90811322317821586e-01
-4.28880125060317197e-02
-4.28880125060317197e-02
2.91735782601464544e-01
3.00124012266183349e-01
2.92814551393598466e-01
3.27535420215730566e-01
-4.28880125060317197e-02
2.91850488392289831e-01
3.07837852722691596e-01
-4.28880125060317197e-02
2.90626165373959189e-01
2.98459057781773562e-01
3.01953094335979610e-01
2.94729147100642130e-01
-4.28880125060317197e-02
2.96241480796763379e-01
-4.28880125060317197e-02
-4.28880125060317197e-02
2.94042702712860815e-01
2.91771877828964299e-01
3.13044744791411089e-01
3.00394561045299602e-01
2.92096592259154297e-01
-4.28880125060317197e-02
-4.28880125060317197e-02
3.01315205895303917e-01
2.91267880242718213e-01
3.00019152296261582e-01
2.94121473332982442e-01
3.02940287484723181e-01
3.00908775491073532e-01
2.90535471073604223e-01
-4.28880125060317197e-02
-4.28880125060317197e-02
2.91425097548205947e-01
2.96469634010310790e-01
3.07745492223799655e-01
2.94134557155224852e-01
2.95338556433901167e-01
2.94334004514452297e-01
2.96753312854353690e-01
-4.28880125060317197e-02
-4.28880125060317197e-02
2.92468103176975192e-01
3.03996324553761577e-01
3.11318477547781136e-01
2.91152157789878907e-01
2.92982807325100347e-01
-4.28880125060317197e-02
-4.28880125060317197e-02
-4.28880125060317197e-02
-4.28880125060317197e-02
2.96146614171364952e-01
2.99698107806443015e-01
3.00879256911699589e-01
2.91119987019854254e-01
3.17743652339426141e-01
3.13007210580217188e-01
2.90602310137940134e-01
2.98630548506087223e-01
-4.28880125060317197e-02
2.94834612116471551e-01
2.96251225696093412e-01
2.94691512695936852e-01
-4.28880125060317197e-02
-4.28880125060317197e-02
2.92672565263133233e-01
2.92824427920946873e-01
-4.28880125060317197e-02
3.29224386135343328e-01
2.91438631913279567e-01
2.92592864248397588e-01
3.17038773230601145e-01
2.94414236206545887e-01
2.94122338837244979e-01
2.94323042412395652e-01
2.97670362038283343e-01
-4.28880125060317197e-02
-4.28880125060317197e-02
2.91685955784096507e-01
-4.28880125060317197e-02
-4.28880125060317197e-02
2.90750645004256292e-01
2.98802808291323441e-01
3.03538006525423731e-01
2.94295617062485138e-01
-4.28880125060317197e-02
-4.28880125060317197e-02
-4.28880125060317197e-02
3.06880738849083734e-01
2.96339544957902268e-01
2.91207040843727116e-01
3.19487721594859275e-01
2.99033028743262819e-01
2.93159215938268214e-01
-4.28880125060317197e-02
-4.28880125060317197e-02
-4.28880125060317197e-02
2.91319194018919647e-01
3.03584893053754246e-01
2.92009688276135437e-01
3.25151376085392629e-01
2.92855945065356948e-01
2.91511847451655592e-01
-4.28880125060317197e-02
-4.28880125060317197e-02
2.91858954345409649e-01
2.93239728047253900e-01
3.18719879556537689e-01
2.93821267300357791e-01
2.97502430929209472e-01
2.93843647387976303e-01
-4.28880125060317197e-02
-4.28880125060317197e-02
-4.28880125060317197e-02
2.93715749144149996e-01
2.99081295983502249e-01
3.19088440168461718e-01
2.90958535938262319e-01
2.93648851921400778e-01
3.07481560997986347e-01
2.96551493777631958e-01
-4.28880125060317197e-02
3.01687981550745665e-01
2.94865262429320041e-01
3.01335701714299797e-01
3.01969377265131067e-01
2.90643069808073418e-01
-4.28880125060317197e-02
-4.28880125060317197e-02
2.90505454938412677e-01
-4.28880125060317197e-02
-4.28880125060317197e-02
2.99160898225681704e-01
2.92131127544912772e-01
2.97703752067551064e-01
2.94244558329164074e-01
-4.28880125060317197e-02
2.93863572798294614e-01
2.91490182332722447e-01
3.21772924268129479e-01
-4.28880125060317197e-02
2.92625124493679611e-01
2.91140152001751529e-01
-4.28880125060317197e-02
-4.28880125060317197e-02
2.92619316107612548e-01
2.96662085239198681e-01
2.94863708352369081e-01
-4.28880125060317197e-02
3.02990703418410390e-01
2.91270550494296621e-01
-4.28880125060317197e-02
3.16822253219542382e-01
2.90641508170659257e-01
2.96964853988223920e-01
3.00730228932423460e-01
2.94839368888985709e-01
-4.28880125060317197e-02
-4.28880125060317197e-02
-4.28880125060317197e-02
-4.28880125060317197e-02
2.94817826968284569e-01
2.92462228018126269e-01
3.03757400352722473e-01
3.08440464075981136e-01
2.90861659680093809e-01
-4.28880125060317197e-02
-4.28880125060317197e-02
-4.28880125060317197e-02
2.91528756570090142e-01
3.00223271311521822e-01
2.93000322404207092e-01
3.12142134352324629e-01
2.95565581353806006e-01
2.90659045657925219e-01
-4.28880125060317197e-02
-4.28880125060317197e-02
2.90940651508410975e-01
2.98008066219600187e-01
3.05647243352060949e-01
2.93841264828070492e-01
2.99846069739963084e-01
2.92476057264904055e-01
-4.28880125060317197e-02
-4.28880125060317197e-02
-4.28880125060317197e-02
2.93344560831156398e-01
2.99874741198786210e-01
3.14657136515346270e-01
2.92108762441400716e-01
2.91436937019115883e-01
-4.28880125060317197e-02
-4.28880125060317197e-02
2.92645879409984933e-01
-4.28880125060317197e-02
2.94993123775235511e-01
3.01680895171162589e-01
2.99318524123687812e-01
2.91091897469958005e-01
3.19356784881794364e-01
3.11192169310397782e-01
2.90579056033482219e-01
-4.28880125060317197e-02
-4.28880125060317197e-02
2.94550930649506659e-01
2.96500040203456328e-01
2.94496957289505812e-01
-4.28880125060317197e-02
-4.28880125060317197e-02
2.92570784138546813e-01
2.92389949492149914e-01
-4.28880125060317197e-02
-4.28880125060317197e-02
2.93377168267604904e-01
2.90996881730450463e-01
-4.28880125060317197e-02
2.94820053134723870e-01
2.93848949992264685e-01
2.95659514389244149e-01
2.94933578558569220e-01
3.10981066795641636e-01
-4.28880125060317197e-02
2.91384489679570258e-01
-4.28880125060317197e-02
-4.28880125060317197e-02
2.90709866587227805e-01
3.04659377996125580e-01
2.99165595040288279e-01
2.96026281121124168e-01
-4.28880125060317197e-02
2.99376429419524748e-01
2.95318115779080403e-01
-4.28880125060317197e-02
2.94541239772743380e-01
2.91596550074285699e-01
3.14246725275790062e-01
3.00693048541098462e-01
2.92173228424414344e-01
-4.28880125060317197e-02
-4.28880125060317197e-02
-4.28880125060317197e-02
2.90709893386131124e-01
3.06446608511385388e-01
2.92536044233906167e-01
3.11448490634344044e-01
2.95798961434676599e-01
2.90853109864414483e-01
3.35169127318734994e-01
-4.28880125060317197e-02
2.91445408757721847e-01
2.93582365808878865e-01
3.16480670136122688e-01
2.92879747212488051e-01
3.01655415557143813e-01
2.92722550539804061e-01
-4.28880125060317197e-02
-4.28880125060317197e-02
2.95307990835459777e-01
2.93001384816197086e-01
3.01314407076676727e-01
3.13984889953515367e-01
2.90773916925169296e-01
2.95284327145923231e-01
3.01504093196602097e-01
-4.28880125060317197e-02
-4.28880125060317197e-02
-4.28880125060317197e-02
2.98260048211284823e-01
2.96965416832953299e-01
3.04854673806114473e-01
2.91031486570743236e-01
-4.28880125060317197e-02
-4.28880125060317197e-02
2.90482325402821373e-01
3.03702225315128582e-01
-4.28880125060317197e-02
2.97160235552456908e-01
2.93304786654647209e-01
2.96196539260638825e-01
-4.28880125060317197e-02
3.18415253959188294e-01
2.93971235544974452e-01
2.91273829610832258e-01
-4.28880125060317197e-02
-4.28880125060317197e-02
2.92721872112674475e-01
2.91111363865462935e-01
-4.28880125060317197e-02
-4.28880125060317197e-02
2.92274700524315756e-01
2.97658483769962900e-01
2.94048671490174329e-01
-4.28880125060317197e-02
-4.28880125060317197e-02
2.92557803653923698e-01
3.02898033176491610e-01
-4.28880125060317197e-02
2.90839772013109565e-01
2.96926928583481575e-01
3.06277221164057312e-01
2.93648534698583152e-01
3.02737338431412983e-01
-4.28880125060317197e-02
-4.28880125060317197e-02
-4.28880125060317197e-02
2.94756526514426354e-01
2.91934238449464811e-01
3.08149405013263156e-01
3.04693500721799349e-01
2.91317587609773332e-01
-4.28880125060317197e-02
-4.28880125060317197e-02
2.96073854107486267e-01
2.92446522787564223e-01
2.97685660162734289e-01
2.93679030985700196e-01
3.10531924791532687e-01
2.95922025632438745e-01
2.90564687772422170e-01
-4.28880125060317197e-02
-4.28880125060317197e-02
2.91566899495531107e-01
2.95028682741475201e-01
3.10991649523517599e-01
2.94116090831197163e-01
2.95838276997560434e-01
2.94223036258158543e-01
2.96486705313498744e-01
-4.28880125060317197e-02
-4.28880125060317197e-02
2.92415241309634533e-01
3.04120868891157636e-01
3.10984414306520129e-01
2.91368323034677745e-01
2.92416790479882727e-01
-4.28880125060317197e-02
-4.28880125060317197e-02
-4.28880125060317197e-02
3.05410334810664208e-01
2.93520551418728015e-01
3.05914316580001844e-01
2.98366568180848279e-01
2.90742095577920912e-01
-4.28880125060317197e-02
3.02193463339588964e-01
2.91244445968125210e-01
-4.28880125060317197e-02
-4.28880125060317197e-02
2.96339319719020000e-01
2.94850933117764613e-01
2.95238371476095940e-01
-4.28880125060317197e-02
-4.28880125060317197e-02
2.93462138063701361e-01
2.92482234587338352e-01
3.08546011492299044e-01
-4.28880125060317197e-02
2.91915912502958397e-01
2.92193574400750722e-01
3.23240991302166880e-01
-4.28880125060317197e-02
2.92832419726554438e-01
2.96519083108729986e-01
2.94868938337673692e-01
-4.28880125060317197e-02
-4.28880125060317197e-02
2.91289450445840981e-01
-4.28880125060317197e-02
-4.28880125060317197e-02
2.90546011687159766e-01
3.03221036903843832e-01
2.98552655629394592e-01
2.96736461361657322e-01
-4.28880125060317197e-02
-4.28880125060317197e-02
2.99405800523420695e-01
3.02401348486053045e-01
2.96757653519708009e-01
2.91583386110106035e-01
3.11537975907916875e-01
3.03629740345217003e-01
2.91793632345316467e-01
2.92709497730901880e-01
-4.28880125060317197e-02
-4.28880125060317197e-02
2.90918265665942366e-01
3.05627031271096639e-01
2.92118559659564347e-01
3.16685697327329541e-01
2.94343370107910118e-01
2.91001145894536239e-01
-4.28880125060317197e-02
3.39300275448392419e-01
2.91092499320624920e-01
2.95053265303367007e-01
3.10988642598368448e-01
2.93072258942304487e-01
3.02205681793655367e-01
2.92310899206317865e-01
-4.28880125060317197e-02
-4.28880125060317197e-02
-4.28880125060317197e-02
2.93724716679547693e-01
2.99074995166822344e-01
3.18604717329281861e-01
2.91193194580832038e-01
2.92738409678393041e-01
-4.28880125060317197e-02
2.95542441698581904e-01
-4.28880125060317197e-02
-4.28880125060317197e-02
2.95786496745805483e-01
2.99081131684862112e-01
3.04215836229217329e-01
2.90647797755109183e-01
-4.28880125060317197e-02
-4.28880125060317197e-02
2.90482282938148206e-01
-4.28880125060317197e-02
3.11742338655211670e-01
2.95064661863803424e-01
2.94086272595914244e-01
2.95511483183056645e-01
2.94646699815042046e-01
-4.28880125060317197e-02
2.92133105400811943e-01
2.92662316806943101e-01
-4.28880125060317197e-02
-4.28880125060317197e-02
2.94151309773074021e-01
2.90782172667824301e-01
-4.28880125060317197e-02
-4.28880125060317197e-02
2.91661480370955684e-01
2.99944823774884906e-01
2.92919503123152403e-01
3.20191301038770082e-01
-4.28880125060317197e-02
2.91901784684068466e-01
-4.28880125060317197e-02
3.26826751921130032e-01
2.90782643122827034e-01
2.95759127144259504e-01
3.06272582074703537e-01
2.93382118693998606e-01
-4.28880125060317197e-02
-4.28880125060317197e-02
-4.28880125060317197e-02
-4.28880125060317197e-02
2.94310245820349259e-01
2.91981379365018945e-01
3.08511117346270070e-01
3.03236409233721582e-01
2.91409723002117871e-01
-4.28880125060317197e-02
-4.28880125060317197e-02
3.01166428413712606e-01
2.91094499963858389e-01
3.01165600384052767e-01
2.93702929588581685e-01
3.04996024219987394e-01
2.99411548504117886e-01
2.90570202728321236e-01
-4.28880125060317197e-02
-4.28880125060317197e-02
2.91419875963501163e-01
2.94525018111148063e-01
3.13433622888619534e-01
2.93414981513173134e-01
2.98774035052784992e-01
2.93220919899131682e-01
-4.28880125060317197e-02
-4.28880125060317197e-02
2.98962775098262468e-01
2.91747241129504342e-01
3.09050634310451322e-01
3.05571748819887690e-01
2.91808910014085321e-01
2.92318704393427387e-01
-4.28880125060317197e-02
-4.28880125060317197e-02
-4.28880125060317197e-02
-4.28880125060317197e-02
2.94605406656745006e-01
3.01959842997452987e-01
2.97906783117872165e-01
2.91335676405989230e-01
3.14907590552331973e-01
-4.28880125060317197e-02
2.90489162357986497e-01
3.03082542558068546e-01
-4.28880125060317197e-02
2.95696924829369712e-01
2.94572135899930976e-01
2.95279129547729946e-01
-4.28880125060317197e-02
-4.28880125060317197e-02
2.92579411038377146e-01
2.92798119221568842e-01
-4.28880125060317197e-02
3.27092737606827888e-01
2.91422451987846609e-01
2.92522435063713726e-01
3.16317306438946122e-01
2.94477463836821995e-01
2.94603047483648073e-01
2.93908561521221856e-01
2.98468720763181539e-01
-4.28880125060317197e-02
-4.28880125060317197e-02
2.91951378784917503e-01
-4.28880125060317197e-02
-4.28880125060317197e-02
2.90908777242869232e-01
3.00444503507330263e-01
3.02967021050038365e-01
2.94344373508779178e-01
2.98189592788045688e-01
-4.28880125060317197e-02
2.97637802262210593e-01
-4.28880125060317197e-02
2.95592093614932216e-01
2.91639458694320508e-01
3.11395679161244776e-01
3.03367341893492570e-01
2.91710364552838552e-01
-4.28880125060317197e-02
-4.28880125060317197e-02
-4.28880125060317197e-02
2.91261673918235708e-01
3.01940493083763362e-01
2.92532362910848442e-01
3.16275417947191995e-01
2.94379321718690079e-01
2.90867425157220971e-01
-4.28880125060317197e-02
-4.28880125060317197e-02
2.92101367612143725e-01
2.92278590323636123e-01
3.24337429570873415e-01
2.93075953044402981e-01
3.00526274592698761e-01
2.93344608509660376e-01
-4.28880125060317197e-02
-4.28880125060317197e-02
-4.28880125060317197e-02
2.94109726580935704e-01
2.97956095329929671e-01
3.21324373794967977e-01
2.90791154708188448e-01
2.94994321007272742e-01
3.05554602668331343e-01
-4.28880125060317197e-02
-4.28880125060317197e-02
3.04329993586962000e-01
2.94076755895465891e-01
3.03924927479460427e-01
2.99690310410004102e-01
2.90713663821340340e-01
-4.28880125060317197e-02
-4.28880125060317197e-02
2.90545191600886765e-01
-4.28880125060317197e-02
-4.28880125060317197e-02
2.98108183688895578e-01
2.92723324484863268e-01
2.96789796648838755e-01
2.94304685047751036e-01
3.17924210754308156e-01
2.94024876933260237e-01
2.91333905206196897e-01
-4.28880125060317197e-02
-4.28880125060317197e-02
2.92777640670042638e-01
2.91068204756439519e-01
-4.28880125060317197e-02
-4.28880125060317197e-02
2.92275314606344538e-01
2.97546854535630123e-01
2.94182355157861453e-01
-4.28880125060317197e-02
3.00467764694717199e-01
2.91392509495432550e-01
3.12963187634062223e-01
3.18087277464664864e-01
2.90548346835672322e-01
2.99353741420452124e-01
2.99141501172043245e-01
2.96171298683122253e-01
-4.28880125060317197e-02
-4.28880125060317197e-02
-4.28880125060317197e-02
-4.28880125060317197e-02
2.95498985962188043e-01
2.92176814892007863e-01
3.05863739416064484e-01
3.08299537637438614e-01
2.91104265254944150e-01
2.93882482599127970e-01
-4.28880125060317197e-02
2.98358981601800022e-01
2.91918008737007295e-01
2.98543124574373875e-01
2.93643757137571459e-01
3.05431784967183262e-01
2.98847499529463267e-01
2.90489103598404463e-01
-4.28880125060317197e-02
-4.28880125060317197e-02
2.91112564662359907e-01
2.99106356030087117e-01
3.04408918786710836e-01
2.94032965036825855e-01
2.96323591328746694e-01
2.93488414265849595e-01
2.99109884848712759e-01
-4.28880125060317197e-02
-4.28880125060317197e-02
2.93713570495867882e-01
2.99085140624703927e-01
3.18005533352615388e-01
2.91421584273032441e-01
2.92196667804894228e-01
-4.28880125060317197e-02
-4.28880125060317197e-02
2.92852991288981068e-01
-4.28880125060317197e-02
2.94347226354380931e-01
3.03220513691902893e-01
2.98914336749018850e-01
2.90968800443121511e-01
3.23537207341509703e-01
3.07791084573064699e-01
2.90674391961616485e-01
-4.28880125060317197e-02
3.26702001382509932e-01
2.93831280826507613e-01
2.98059854851055794e-01
2.94000239627076498e-01
-4.28880125060317197e-02
-4.28880125060317197e-02
2.92077854553497995e-01
2.93843350528745662e-01
-4.28880125060317197e-02
-4.28880125060317197e-02
2.92249427960000974e-01
2.91746001264134525e-01
3.26686293228826585e-01
-4.28880125060317197e-02
2.93011637144948989e-01
2.96420536301209125e-01
2.94823169331972390e-01
-4.28880125060317197e-02
-4.28880125060317197e-02
2.91315596878598315e-01
-4.28880125060317197e-02
-4.28880125060317197e-02
2.90579770508333612e-01
3.01229038794982751e-01
2.99892782080294906e-01
2.95797408232589265e-01
-4.28880125060317197e-02
2.96940316283815509e-01
-4.28880125060317197e-02
3.12308558537373937e-01
2.95093696665909178e-01
2.91185528239321978e-01
3.24062535008359021e-01
2.97126804260207655e-01
2.94183537960650554e-01
-4.28880125060317197e-02
-4.28880125060317197e-02
-4.28880125060317197e-02
2.90575806227744204e-01
3.10410678612219437e-01
2.92487233042020123e-01
3.10908715330492247e-01
2.95704703187988804e-01
2.91006404192324097e-01
3.28522908851839990e-01
-4.28880125060317197e-02
2.91569026821322019e-01
2.93749118570631351e-01
3.16445944261739387e-01
2.93325737812177634e-01
2.99188123334294731e-01
2.93256673651823285e-01
-4.28880125060317197e-02
-4.28880125060317197e-02
-4.28880125060317197e-02
2.92965057035761478e-01
3.01638267702273422e-01
3.14526914183550443e-01
2.90919259255508211e-01
2.93875728872447506e-01
-4.28880125060317197e-02
2.97997268521612235e-01
-4.28880125060317197e-02
-4.28880125060317197e-02
2.98427934107007908e-01
2.96416355894501049e-01
3.06631560575371664e-01
2.90917674384044922e-01
-4.28880125060317197e-02
-4.28880125060317197e-02
2.90470234013626372e-01
3.07069232482597987e-01
-4.28880125060317197e-02
2.97258552699437850e-01
2.92900452267409961e-01
2.96716407812362137e-01
2.93963344307871854e-01
3.22308544075871561e-01
2.93379186636391120e-01
2.91569013052741854e-01
-4.28880125060317197e-02
3.18793592344439158e-01
2.92224133010734632e-01
2.91330353119219732e-01
-4.28880125060317197e-02
-4.28880125060317197e-02
2.93090242343557961e-01
2.95350931641218062e-01
2.96253252261974354e-01
-4.28880125060317197e-02
-4.28880125060317197e-02
2.91924997599265379e-01
-4.28880125060317197e-02
3.27031049751785763e-01
2.90876450066791303e-01
2.94822178301684279e-01
3.08374600246100194e-01
2.92919677814960366e-01
-4.28880125060317197e-02
-4.28880125060317197e-02
-4.28880125060317197e-02
-4.28880125060317197e-02
2.94385190502147176e-01
2.92404356692132772e-01
3.04569327473602325e-01
3.05663141341298572e-01
2.90948410223031917e-01
-4.28880125060317197e-02
3.30856327739039724e-01
-4.28880125060317197e-02
2.91795208822861252e-01
2.99368543087225547e-01
2.93124360998647138e-01
3.16419352337483084e-01
2.94181506379181668e-01
2.90820759207477353e-01
-4.28880125060317197e-02
-4.28880125060317197e-02
2.91812332693981547e-01
2.94052887841223798e-01
3.13789583906189384e-01
2.94444184938140840e-01
2.95439487729316830e-01
2.94569471360874580e-01
2.95496821399334142e-01
3.31564486251721968e-01
-4.28880125060317197e-02
2.92652008942084207e-01
3.02730792952289884e-01
3.12187197319556464e-01
2.91550784680898567e-01
2.92041540157672530e-01
-4.28880125060317197e-02
-4.28880125060317197e-02
-4.28880125060317197e-02
-4.28880125060317197e-02
2.93233338809586852e-01
3.06596802803447255e-01
2.97068080562523429e-01
2.91004515907515415e-01
3.24696712903634332e-01
-4.28880125060317197e-02
2.90660153064720095e-01
-4.28880125060317197e-02
-4.28880125060317197e-02
2.97218489073756198e-01
2.93694401062791155e-01
2.95767734229917978e-01
-4.28880125060317197e-02
-4.28880125060317197e-02
2.93500134696053405e-01
2.91876448779171238e-01
3.15731008927626122e-01
-4.28880125060317197e-02
2.92230414579509046e-01
2.91494082361696383e-01
-4.28880125060317197e-02
2.94210285773235380e-01
2.94582261185709071e-01
2.94636177792514831e-01
2.96705859525731142e-01
-4.28880125060317197e-02
3.08912034223259857e-01
2.91078255290466159e-01
-4.28880125060317197e-02
-4.28880125060317197e-02
2.90539739808091613e-01
3.07141529248361744e-01
2.96892080036131489e-01
2.98210045707217819e-01
-4.28880125060317197e-02
-4.28880125060317197e-02
2.98167957030703867e-01
-4.28880125060317197e-02
2.95620494389594923e-01
2.91767847043876871e-01
3.09611472502060947e-01
3.04759019212034521e-01
2.91489468544455455e-01
-4.28880125060317197e-02
-4.28880125060317197e-02
-4.28880125060317197e-02
2.91101080004955381e-01
3.03119569368093589e-01
2.92398614649021837e-01
3.15734512132793244e-01
2.94543021754019752e-01
2.90877207068091004e-01
-4.28880125060317197e-02
3.34754906159638599e-01
2.91047626475715637e-01
2.94575120021968229e-01
3.11411739287554723e-01
2.92837349909629119e-01
3.04484017498309112e-01
2.92043449379491338e-01
-4.28880125060317197e-02
-4.28880125060317197e-02
-4.28880125060317197e-02
2.95234344956608663e-01
2.96308817665386859e-01
3.25285967669712739e-01
2.91144464135521697e-01
2.93209264930642255e-01
3.12337222278800286e-01
2.95092999954151392e-01
2.94621764853358670e-01
-4.28880125060317197e-02
2.96191645331276010e-01
2.99331207449440861e-01
3.03251063097693840e-01
2.90819793313894182e-01
-4.28880125060317197e-02
-4.28880125060317197e-02
2.90494807865419591e-01
-4.28880125060317197e-02
3.20421221167144499e-01
2.94991938057420133e-01
2.95236338637253848e-01
2.94856873539266151e-01
-4.28880125060317197e-02
3.23746187172256616e-01
2.93139884270764428e-01
2.91451403763518802e-01
-4.28880125060317197e-02
-4.28880125060317197e-02
2.94544549442368131e-01
2.90684289697038967e-01
-4.28880125060317197e-02
-4.28880125060317197e-02
2.91651495503666036e-01
3.01078308788938598e-01
2.92478158551232659e-01
3.28712969677250832e-01
-4.28880125060317197e-02
2.91988360598457453e-01
3.06752789152543892e-01
-4.28880125060317197e-02
2.90627894189996683e-01
2.99109535348665745e-01
3.01709571787124098e-01
2.94870395102329652e-01
-4.28880125060317197e-02
2.96558737191073341e-01
-4.28880125060317197e-02
-4.28880125060317197e-02
2.94005982673166966e-01
2.91887681610417449e-01
3.11249393170983712e-01
3.01078719619868984e-01
2.91845516738275856e-01
-4.28880125060317197e-02
-4.28880125060317197e-02
2.99369850250765346e-01
2.91445695212677935e-01
2.99954359322036901e-01
2.93507845027245362e-01
3.06179248010769123e-01
2.98596726231729115e-01
2.90530415379079643e-01
-4.28880125060317197e-02
-4.28880125060317197e-02
2.91179614828108502e-01
2.97341351010707022e-01
3.06824761824657066e-01
2.93829476087802244e-01
2.97068346033720787e-01
2.93390967751959553e-01
2.99113973875489436e-01
-4.28880125060317197e-02
2.96438326993045231e-01
2.91940506449584358e-01
3.07679915239219393e-01
3.07048914718153598e-01
2.91366711324811678e-01
2.92899884573704250e-01
-4.28880125060317197e-02
-4.28880125060317197e-02
-4.28880125060317197e-02
-4.28880125060317197e-02
2.97464859438296925e-01
2.97911880915039728e-01
3.02617272570215201e-01
2.91160873152147448e-01
-4.28880125060317197e-02
3.14577947204448760e-01
2.90645344776280512e-01
2.97173919301233769e-01
-4.28880125060317197e-02
2.95144685005946428e-01
2.96017354553279821e-01
2.94865980612578849e-01
-4.28880125060317197e-02
-4.28880125060317197e-02
2.92953398053462544e-01
2.92725260137191745e-01
-4.28880125060317197e-02
-4.28880125060317197e-02
2.91574430329918532e-01
2.92520816769906322e-01
3.19235103759745009e-01
-4.28880125060317197e-02
2.93463120256553689e-01
2.95224966445941761e-01
2.96310769765111726e-01
-4.28880125060317197e-02
-4.28880125060317197e-02
2.91970750588542383e-01
-4.28880125060317197e-02
-4.28880125060317197e-02
2.90851977045013976e-01
2.98670415346508844e-01
3.04455432539330551e-01
2.94068599847663370e-01
3.00535593418061353e-01
-4.28880125060317197e-02
-4.28880125060317197e-02
3.05303731673483736e-01
2.96405411313993672e-01
2.91352567526890427e-01
3.15806338179793034e-01
3.00784792404048096e-01
2.92434638793028945e-01
-4.28880125060317197e-02
-4.28880125060317197e-02
-4.28880125060317197e-02
2.91206465958169236e-01
3.02928744093766911e-01
2.92273950205598987e-01
3.19417649225288480e-01
2.93753948870515647e-01
2.91052566226295939e-01
-4.28880125060317197e-02
-4.28880125060317197e-02
2.91829891032752142e-01
2.92886320088917795e-01
3.20762490752063034e-01
2.93240762693905532e-01
2.99683296870317140e-01
2.93335781164886733e-01
-4.28880125060317197e-02
-4.28880125060317197e-02
-4.28880125060317197e-02
2.92920724964071788e-01
3.01763919449054785e-01
3.14401133110592923e-01
2.91091110437184553e-01
2.93037973969882737e-01
-4.28880125060317197e-02
2.96744423930987655e-01
-4.28880125060317197e-02
2.99472738761763391e-01
2.94807445576904248e-01
3.00573599731754015e-01
3.02916386318420716e-01
2.90544104491938571e-01
-4.28880125060317197e-02
-4.28880125060317197e-02
2.90538937600671232e-01
-4.28880125060317197e-02
-4.28880125060317197e-02
3.00978999420399296e-01
2.91505208336186650e-01
2.99013743603839810e-01
2.94396307402557622e-01
-4.28880125060317197e-02
2.93960559284845102e-01
2.91626741078940876e-01
3.16847344268368469e-01
-4.28880125060317197e-02
2.92710276107113809e-01
2.91177094242795420e-01
-4.28880125060317197e-02
-4.28880125060317197e-02
2.92074912843281298e-01
2.98321457154277048e-01
2.93671626233253713e-01
-4.28880125060317197e-02
-4.28880125060317197e-02
2.91560102151924405e-01
3.10544800955570410e-01
3.21415156150879122e-01
2.90612359260375430e-01
2.97801435474843279e-01
3.01464343425045689e-01
2.94796162765943726e-01
-4.28880125060317197e-02
-4.28880125060317197e-02
-4.28880125060317197e-02
-4.28880125060317197e-02
2.95050373358352824e-01
2.92604212092065663e-01
3.03001917881592753e-01
3.10339247307470700e-01
2.90820987476516857e-01
2.95744877326208522e-01
-4.28880125060317197e-02
-4.28880125060317197e-02
2.91354577135006343e-01
3.00743745774348814e-01
2.93068569879740448e-01
3.09848370962672370e-01
2.96563282186773414e-01
2.90609482115771589e-01
-4.28880125060317197e-02
-4.28880125060317197e-02
2.91066226924286631e-01
2.96807282640498160e-01
3.07742022419981942e-01
2.93587410987846575e-01
2.99418302866405028e-01
2.92719246373631059e-01
-4.28880125060317197e-02
-4.28880125060317197e-02
-4.28880125060317197e-02
2.92681717490213655e-01
3.02463931335796299e-01
3.11715824247759898e-01
2.91828161759546123e-01
2.91748429947914278e-01
-4.28880125060317197e-02
