1600
0.00000000000000000e+00
-3.40098525478760128e-01
-3.39211676169922260e-01
-3.40076472608124569e-01
-3.41455138894534715e-01
-3.38370481366770892e-01
-3.40811094961217864e-01
-3.37715244211884480e-01
0.00000000000000000e+00
0.00000000000000000e+00
-3.40145202105760380e-01
-3.38265766391721512e-01
-3.42092065409286994e-01
-3.38654547559872510e-01
-3.37735497377949334e-01
0.00000000000000000e+00
0.00000000000000000e+00
0.00000000000000000e+00
0.00000000000000000e+00
-3.40105906438721461e-01
-3.39697697115198649e-01
-3.41270276650467219e-01
-3.39836832153023294e-01
-3.36601665035424602e-01
-3.40513083900603419e-01
-3.39109112977671157e-01
0.00000000000000000e+00
0.00000000000000000e+00
-3.41261673940973564e-01
-3.38781623211168059e-01
-3.41788289091549957e-01
0.00000000000000000e+00
0.00000000000000000e+00
-3.41185523528339307e-01
-3.39431510229571409e-01
-3.37041978200990022e-01
0.00000000000000000e+00
-3.39487942078770977e-01
-3.38424632989658136e-01
-3.40651419646939180e-01
0.00000000000000000e+00
-3.38084066638597913e-01
-3.40426877909051850e-01
-3.38044570287687696e-01
0.00000000000000000e+00
-3.39834428413944067e-01
-3.39632869061608167e-01
0.00000000000000000e+00
0.00000000000000000e+00
-3.38839622346069291e-01
-3.38886879321097345e-01
-3.40325469991139773e-01
-3.39203451422515179e-01
0.00000000000000000e+00
0.00000000000000000e+00
0.00000000000000000e+00
-3.38943477948576821e-01
-3.41576122073039945e-01
-3.39852771239016416e-01
-3.38000997927867475e-01
-3.40917395992740846e-01
-3.38091984720335748e-01
-3.36172243631909839e-01
0.00000000000000000e+00
0.00000000000000000e+00
-3.38341132460267202e-01
-3.41513253251808813e-01
-3.38805317425449670e-01
-3.39326625777651325e-01
-3.40718050865337463e-01
-3.39423821956674920e-01
0.00000000000000000e+00
0.00000000000000000e+00
-3.39232243441295878e-01
-3.38683313802448538e-01
-3.40646517809753246e-01
-3.39890429637338065e-01
-3.38177875429560293e-01
-3.40094574319975029e-01
0.00000000000000000e+00
0.00000000000000000e+00
0.00000000000000000e+00
-3.40452272065931760e-01
-3.38282563385893187e-01
-3.42032266323895606e-01
-3.38774787170221414e-01
-3.37849095498699181e-01
-3.38796122952328971e-01
-3.39017046041756032e-01
-3.37647411818944920e-01
0.00000000000000000e+00
-3.40634963174649197e-01
-3.39244741738129685e-01
-3.40845961013393817e-01
-3.39615343457886687e-01
0.00000000000000000e+00
0.00000000000000000e+00
-3.39062516722743179e-01
0.00000000000000000e+00
0.00000000000000000e+00
-3.41663844298175035e-01
-3.38706423673424295e-01
-3.41278232174402729e-01
-3.37495666341018519e-01
-3.37700064790270205e-01
-3.40519731770869638e-01
-3.39288808581681423e-01
0.00000000000000000e+00
0.00000000000000000e+00
-3.39903932032594169e-01
-3.38486367817275202e-01
0.00000000000000000e+00
0.00000000000000000e+00
-3.37932901115289896e-01
-3.40459099828148870e-01
-3.37883807907663425e-01
-3.38414242536278387e-01
0.00000000000000000e+00
-3.39541527587355174e-01
0.00000000000000000e+00
-3.42461497469442044e-01
-3.38905101800368314e-01
-3.38324031979612194e-01
-3.40258054711255864e-01
-3.39278682353478245e-01
0.00000000000000000e+00
-3.41139154597736638e-01
0.00000000000000000e+00
0.00000000000000000e+00
-3.41606646938168224e-01
-3.39796878625114596e-01
-3.38034168085925568e-01
-3.41502079896629118e-01
-3.38960688059490867e-01
0.00000000000000000e+00
0.00000000000000000e+00
0.00000000000000000e+00
-3.38756283871434805e-01
-3.41463538937437416e-01
-3.39379134818904249e-01
-3.39539904277277760e-01
-3.40669360180435088e-01
-3.39246386140942602e-01
0.00000000000000000e+00
0.00000000000000000e+00
-3.39909920708081181e-01
-3.39124722695488046e-01
-3.40832175947554883e-01
-3.40756748604813531e-01
-3.38659197225462671e-01
-3.40645315074977140e-01
-3.36994434704294188e-01
0.00000000000000000e+00
-3.41060432105457723e-01
-3.39866298803460143e-01
-3.38187429752279334e-01
-3.41291236093859585e-01
-3.38296317404142066e-01
-3.37428489131097742e-01
0.00000000000000000e+00
0.00000000000000000e+00
0.00000000000000000e+00
0.00000000000000000e+00
-3.40290216116516053e-01
-3.39307518269119035e-01
-3.41242416640926416e-01
-3.39729587880522432e-01
-3.37327655073432264e-01
0.00000000000000000e+00
-3.39151590812628245e-01
-3.37977886243215564e-01
0.00000000000000000e+00
-3.41445909687410565e-01
-3.38938771767702207e-01
-3.41798016443111641e-01
0.00000000000000000e+00
0.00000000000000000e+00
-3.40864636607267457e-01
-3.39455162871036276e-01
0.00000000000000000e+00
0.00000000000000000e+00
-3.39314884916900816e-01
-3.38134961479909291e-01
0.00000000000000000e+00
-3.40038773803495953e-01
-3.38250396578998080e-01
-3.40307488511214673e-01
-3.38139382943738576e-01
0.00000000000000000e+00
0.00000000000000000e+00
-3.39829211684238408e-01
0.00000000000000000e+00
0.00000000000000000e+00
-3.39339562990331967e-01
-3.39272893676569931e-01
-3.40650395443715226e-01
-3.39537477673376054e-01
-3.37458204348407953e-01
0.00000000000000000e+00
-3.40240486347363369e-01
0.00000000000000000e+00
-3.41939154513299093e-01
-3.40410323552236660e-01
-3.38371609359285619e-01
-3.41538295712203788e-01
-3.38892991501750507e-01
0.00000000000000000e+00
0.00000000000000000e+00
0.00000000000000000e+00
-3.38086345621353646e-01
-3.40824556401775614e-01
-3.38201767177936541e-01
-3.39183846369625508e-01
-3.40213174788130901e-01
-3.38897074478776095e-01
0.00000000000000000e+00
0.00000000000000000e+00
-3.39874198322961951e-01
-3.38839470156028000e-01
-3.41234021791151365e-01
-3.41028037610593304e-01
-3.38918691399200389e-01
-3.41099118319489525e-01
0.00000000000000000e+00
0.00000000000000000e+00
0.00000000000000000e+00
-3.40998484027969062e-01
-3.38794885991945405e-01
-3.42396681583027440e-01
-3.38888858470915322e-01
-3.38107807495489632e-01
-3.39439585277884759e-01
-3.38153469407657503e-01
0.00000000000000000e+00
-3.41093958899244210e-01
-3.40022882844917551e-01
-3.39485262032526935e-01
-3.40865557353470905e-01
-3.39517270863313125e-01
0.00000000000000000e+00
0.00000000000000000e+00
-3.39181097753584460e-01
0.00000000000000000e+00
0.00000000000000000e+00
-3.41619288597641513e-01
-3.39016905862009277e-01
-3.41667048400628448e-01
0.00000000000000000e+00
-3.39636688851394142e-01
-3.41335325101849385e-01
-3.39956384538857292e-01
-3.37124496766070869e-01
0.00000000000000000e+00
-3.40061392642929616e-01
-3.38491669554753127e-01
0.00000000000000000e+00
0.00000000000000000e+00
-3.37926413863691544e-01
-3.40673244455679813e-01
-3.37974098001248391e-01
0.00000000000000000e+00
0.00000000000000000e+00
-3.39770744020231386e-01
-3.38026474636670349e-01
0.00000000000000000e+00
-3.38740804815330865e-01
-3.38692637531045893e-01
-3.40341251565101088e-01
-3.39184628316704928e-01
0.00000000000000000e+00
0.00000000000000000e+00
0.00000000000000000e+00
0.00000000000000000e+00
-3.41926601944184838e-01
-3.40870226476117144e-01
-3.38777025734464776e-01
-3.42124628269248998e-01
-3.39162513923506492e-01
-3.37234976150671828e-01
0.00000000000000000e+00
-3.40940080804845169e-01
-3.38608484919382724e-01
-3.41356496671643750e-01
-3.39056830581980884e-01
-3.39500154219866679e-01
-3.40493980998252510e-01
-3.38958179394937609e-01
0.00000000000000000e+00
0.00000000000000000e+00
-3.39726075686570594e-01
-3.39184419538215376e-01
-3.40766093861111397e-01
-3.40308198359773328e-01
-3.38450290692963729e-01
-3.40347237145105119e-01
-3.37736567196383342e-01
0.00000000000000000e+00
0.00000000000000000e+00
-3.40047585243661799e-01
-3.38241195566265640e-01
-3.41965384432448005e-01
-3.38956098536169537e-01
-3.37796465549349945e-01
0.00000000000000000e+00
0.00000000000000000e+00
-3.36380918500993276e-01
0.00000000000000000e+00
-3.40275726747510276e-01
-3.39622660992312697e-01
-3.41241518327801807e-01
-3.39882257127626819e-01
0.00000000000000000e+00
-3.41270499967511964e-01
-3.39119386498256015e-01
0.00000000000000000e+00
-3.40779423055233122e-01
-3.41441851634941229e-01
-3.39125284454884823e-01
-3.41504174339798072e-01
0.00000000000000000e+00
0.00000000000000000e+00
-3.40258964156215815e-01
-3.39241874823925760e-01
0.00000000000000000e+00
0.00000000000000000e+00
-3.40023613005528025e-01
-3.38840919399923168e-01
-3.40817124635086011e-01
0.00000000000000000e+00
-3.38019756851961173e-01
-3.40570537435422760e-01
-3.37990760915380384e-01
-3.38855503306998540e-01
0.00000000000000000e+00
-3.39499359018832547e-01
0.00000000000000000e+00
0.00000000000000000e+00
-3.38861609900060368e-01
-3.38921654970146258e-01
-3.40365385448634483e-01
-3.39321302037103756e-01
0.00000000000000000e+00
0.00000000000000000e+00
-3.39232517586850746e-01
-3.39290508512813171e-01
-3.41659986538073557e-01
-3.40187991188113492e-01
-3.37979411384262463e-01
-3.41144199367759693e-01
-3.38610713124338603e-01
0.00000000000000000e+00
0.00000000000000000e+00
0.00000000000000000e+00
-3.38867384756024126e-01
-3.41616251502417867e-01
-3.39513433644821672e-01
-3.39675529027495315e-01
-3.40944906612700993e-01
-3.39564319477017429e-01
-3.35798184185405746e-01
0.00000000000000000e+00
-3.39767085760516285e-01
-3.38859242923907733e-01
-3.41100790743941062e-01
-3.40740929719554553e-01
-3.38758228847063469e-01
-3.40881580013707552e-01
0.00000000000000000e+00
0.00000000000000000e+00
-3.41019939092424285e-01
-3.40548974056465670e-01
-3.38571239349901854e-01
-3.41968227411052539e-01
-3.38781957629292807e-01
-3.37805267655860775e-01
0.00000000000000000e+00
-3.39010210578818028e-01
0.00000000000000000e+00
0.00000000000000000e+00
-3.40578683025225315e-01
-3.39135261849339786e-01
-3.40633594944870666e-01
-3.39449869909565549e-01
0.00000000000000000e+00
0.00000000000000000e+00
-3.39112770805922115e-01
0.00000000000000000e+00
0.00000000000000000e+00
-3.41667971711867191e-01
-3.38682868171849116e-01
-3.41318904691989555e-01
-3.38362169178007544e-01
0.00000000000000000e+00
-3.40644587294858026e-01
-3.39366371971061676e-01
0.00000000000000000e+00
-3.41579180139743976e-01
-3.39258915353233270e-01
-3.37991740275079888e-01
0.00000000000000000e+00
0.00000000000000000e+00
-3.37648045591381785e-01
-3.40522316393168267e-01
-3.38287377801653799e-01
0.00000000000000000e+00
0.00000000000000000e+00
-3.39974150146189091e-01
-3.37170024074806618e-01
-3.41997045665424715e-01
-3.38995821408219211e-01
-3.38377994602517829e-01
-3.40433520677158485e-01
-3.39420354865464902e-01
-3.37248358590617692e-01
0.00000000000000000e+00
0.00000000000000000e+00
0.00000000000000000e+00
-3.41985443705890568e-01
-3.40566433752859055e-01
-3.38620306354637413e-01
-3.41949248794092553e-01
-3.39223203274389984e-01
0.00000000000000000e+00
-3.39710305252907963e-01
-3.40495516100537798e-01
-3.38233289628758815e-01
-3.40924860578362743e-01
-3.38374584016959468e-01
-3.39415225431360712e-01
-3.40201585212062951e-01
-3.38723060302617895e-01
0.00000000000000000e+00
0.00000000000000000e+00
-3.40281676490542195e-01
-3.39234648716297660e-01
-3.40890763058244728e-01
-3.41383786398371414e-01
-3.38905832854366429e-01
-3.41198613736549028e-01
0.00000000000000000e+00
-3.37363355082992811e-01
0.00000000000000000e+00
-3.39880540499165329e-01
-3.38215394499464361e-01
-3.41644366192598747e-01
-3.38808546001956257e-01
-3.37877259775429428e-01
0.00000000000000000e+00
0.00000000000000000e+00
0.00000000000000000e+00
-3.40990281513424032e-01
-3.39918350731381880e-01
-3.39751274340103104e-01
-3.41274896916898662e-01
-3.39867824414395392e-01
-3.37040389843734689e-01
0.00000000000000000e+00
-3.39155174212622701e-01
0.00000000000000000e+00
0.00000000000000000e+00
-3.41465527713391059e-01
-3.38926455097436685e-01
-3.41839865391509234e-01
0.00000000000000000e+00
0.00000000000000000e+00
-3.40973758348758427e-01
-3.39487939655292725e-01
0.00000000000000000e+00
0.00000000000000000e+00
-3.39382702197375596e-01
-3.38217526160062454e-01
0.00000000000000000e+00
-3.40144203718648064e-01
-3.38245096737354756e-01
-3.40355328077072139e-01
-3.38119542422573471e-01
0.00000000000000000e+00
-3.40185191486708338e-01
-3.39716036688391010e-01
0.00000000000000000e+00
0.00000000000000000e+00
-3.39100028184513513e-01
-3.38906137931929197e-01
-3.40337660182387702e-01
-3.39287233952584366e-01
0.00000000000000000e+00
0.00000000000000000e+00
-3.39696138014834503e-01
-3.38287053953568118e-01
-3.41399214007361951e-01
-3.39964959884866358e-01
-3.38227342767708272e-01
-3.41299262970098993e-01
-3.38323310368592145e-01
-3.37139438981285733e-01
0.00000000000000000e+00
0.00000000000000000e+00
-3.38593521709609657e-01
-3.41433154691053842e-01
-3.39155448325816400e-01
-3.39531635549903232e-01
-3.40587693876171604e-01
-3.39148865963637025e-01
0.00000000000000000e+00
0.00000000000000000e+00
-3.39197922515882766e-01
-3.38317899526121457e-01
-3.40622508055520523e-01
-3.40045942846350979e-01
-3.38298057363719984e-01
-3.40480031417900064e-01
0.00000000000000000e+00
0.00000000000000000e+00
0.00000000000000000e+00
-3.40912939345454358e-01
-3.38569910510121364e-01
-3.42382695165624917e-01
-3.38889507835759163e-01
-3.38157588542481624e-01
-3.40104075582550014e-01
0.00000000000000000e+00
-3.36995217357366761e-01
0.00000000000000000e+00
-3.40454535675306869e-01
-3.39541919489818877e-01
-3.41206729026732547e-01
-3.39936708468954518e-01
0.00000000000000000e+00
0.00000000000000000e+00
-3.39103763997937568e-01
0.00000000000000000e+00
-3.39392407303811205e-01
-3.41605491562085750e-01
-3.38719400152864336e-01
-3.41225972778605446e-01
-3.36807925616636972e-01
-3.37898068797882700e-01
-3.40382398858121937e-01
-3.39183981850907257e-01
0.00000000000000000e+00
0.00000000000000000e+00
-3.39917535305331253e-01
-3.38467528938201367e-01
0.00000000000000000e+00
0.00000000000000000e+00
-3.37943070841042914e-01
-3.40528453271191633e-01
-3.37839224451028097e-01
-3.37649965146061659e-01
0.00000000000000000e+00
-3.39778422167473559e-01
-3.37824461894291050e-01
0.00000000000000000e+00
-3.38782782976083663e-01
-3.38562796112746478e-01
-3.40370842367444415e-01
-3.39209742753293741e-01
0.00000000000000000e+00
-3.41458714706111888e-01
0.00000000000000000e+00
0.00000000000000000e+00
-3.41596238510097738e-01
-3.40007916141680633e-01
-3.37871544422815473e-01
-3.41699947883256860e-01
-3.39066896084524838e-01
0.00000000000000000e+00
0.00000000000000000e+00
-3.41171193666591765e-01
-3.38930701906288656e-01
-3.41404594573324893e-01
-3.39962228454889659e-01
-3.39436998536849777e-01
-3.40800620035862478e-01
-3.39373137356869192e-01
0.00000000000000000e+00
0.00000000000000000e+00
-3.39888014195664445e-01
-3.39103553006405101e-01
-3.40696094777103220e-01
-3.41064230031575266e-01
-3.38470280623394348e-01
-3.40640785386496392e-01
-3.37664862981113645e-01
0.00000000000000000e+00
0.00000000000000000e+00
-3.40206382992147116e-01
-3.38395825875766110e-01
-3.41815536092327565e-01
-3.38594552207783728e-01
-3.37777957963392328e-01
0.00000000000000000e+00
0.00000000000000000e+00
0.00000000000000000e+00
0.00000000000000000e+00
-3.40413684651887594e-01
-3.39442760416326150e-01
-3.41312950942775306e-01
-3.39883287230365205e-01
-3.36449905403440719e-01
-3.41597271106416245e-01
-3.39262850565338059e-01
-3.37401176353615218e-01
0.00000000000000000e+00
-3.41370881322156206e-01
-3.38957139893864112e-01
-3.41780573813821931e-01
0.00000000000000000e+00
0.00000000000000000e+00
-3.40685119523687963e-01
-3.39293770491702673e-01
0.00000000000000000e+00
-3.41590390482393702e-01
-3.38991809052943405e-01
-3.38049004967692912e-01
-3.39744187868232017e-01
-3.38848556069875129e-01
-3.37977908573945662e-01
-3.40264257514385937e-01
-3.38218756930528552e-01
0.00000000000000000e+00
0.00000000000000000e+00
-3.39580260624759933e-01
0.00000000000000000e+00
0.00000000000000000e+00
-3.38855566573920075e-01
-3.38730335521744919e-01
-3.40377627365781310e-01
-3.39360853608035473e-01
0.00000000000000000e+00
0.00000000000000000e+00
0.00000000000000000e+00
-3.39494226069215588e-01
-3.41561771026609395e-01
-3.40027330357820901e-01
-3.37801007578195034e-01
-3.40916779796243630e-01
-3.38361563273283594e-01
0.00000000000000000e+00
0.00000000000000000e+00
0.00000000000000000e+00
-3.38115663577367664e-01
-3.40895118971985156e-01
-3.38086588200198990e-01
-3.38603323306069459e-01
-3.40169804369503725e-01
-3.38971909530627891e-01
0.00000000000000000e+00
0.00000000000000000e+00
-3.40298464725561189e-01
-3.39206587468809773e-01
-3.40943668663925836e-01
-3.41465602640992349e-01
-3.39031136464786664e-01
-3.41359860961531425e-01
0.00000000000000000e+00
0.00000000000000000e+00
0.00000000000000000e+00
-3.40615127343253832e-01
-3.38514397078336249e-01
-3.42352179879901519e-01
-3.38651819307175805e-01
-3.37909499479797204e-01
-3.38857101639684910e-01
-3.38518677147434721e-01
0.00000000000000000e+00
-3.40251189895979189e-01
-3.40291045228603595e-01
-3.39376944500881905e-01
-3.40875275265132616e-01
-3.39516048749818111e-01
0.00000000000000000e+00
0.00000000000000000e+00
-3.39103066404173870e-01
0.00000000000000000e+00
0.00000000000000000e+00
-3.41772855607345272e-01
-3.39060792263783606e-01
-3.41766019805413768e-01
-3.39331635871577664e-01
0.00000000000000000e+00
-3.41310135082116273e-01
-3.39941425766197070e-01
-3.36688280258321815e-01
0.00000000000000000e+00
-3.39825584887721133e-01
-3.38363971947578779e-01
0.00000000000000000e+00
0.00000000000000000e+00
-3.38041514204667770e-01
-3.40476098984173803e-01
-3.38083591850206089e-01
0.00000000000000000e+00
-3.40576883194903146e-01
-3.39696903133975658e-01
0.00000000000000000e+00
-3.42198221343227527e-01
-3.39109814081866301e-01
-3.38219553678151374e-01
-3.40518953914317357e-01
-3.39270315636591324e-01
0.00000000000000000e+00
0.00000000000000000e+00
0.00000000000000000e+00
0.00000000000000000e+00
-3.41966015791136446e-01
-3.40755103152596994e-01
-3.38747496607553933e-01
-3.42004387261595488e-01
-3.39264834818434557e-01
0.00000000000000000e+00
0.00000000000000000e+00
0.00000000000000000e+00
-3.38276108205571635e-01
-3.41052830756309211e-01
-3.38559085046027164e-01
-3.39454326719321131e-01
-3.40292583217293887e-01
-3.38816727329948331e-01
0.00000000000000000e+00
0.00000000000000000e+00
-3.39298096145805250e-01
-3.38926015025680483e-01
-3.40609390863018224e-01
-3.39872593392143874e-01
-3.38137200254609527e-01
-3.40039719940918417e-01
0.00000000000000000e+00
0.00000000000000000e+00
0.00000000000000000e+00
-3.40161447177948884e-01
-3.38258657733978396e-01
-3.41592807101145313e-01
-3.39641360787785285e-01
-3.38080211043679357e-01
0.00000000000000000e+00
0.00000000000000000e+00
-3.37413658518395332e-01
0.00000000000000000e+00
-3.40281161023116341e-01
-3.39527293426630850e-01
-3.41413770084778467e-01
-3.39859038961865256e-01
-3.36850591742301642e-01
-3.40893742821539725e-01
-3.39269112388050631e-01
0.00000000000000000e+00
0.00000000000000000e+00
-3.41506504796734778e-01
-3.39066892906992379e-01
-3.41660924626021045e-01
0.00000000000000000e+00
0.00000000000000000e+00
-3.40548410140746272e-01
-3.39296805800591850e-01
0.00000000000000000e+00
0.00000000000000000e+00
-3.39871484038029636e-01
-3.38532348079058798e-01
0.00000000000000000e+00
-3.41347840594172836e-01
-3.38343879673286940e-01
-3.40723550930259411e-01
-3.37749944767674948e-01
-3.38776717132033500e-01
0.00000000000000000e+00
-3.39780511118003170e-01
0.00000000000000000e+00
0.00000000000000000e+00
-3.39227645842923420e-01
-3.39377281201280190e-01
-3.40497077650180613e-01
-3.39207223398798385e-01
0.00000000000000000e+00
-3.40469097741560867e-01
-3.40209080254971430e-01
0.00000000000000000e+00
-3.41802824917982306e-01
-3.40309330602544924e-01
-3.38167028988441087e-01
-3.41607115738560285e-01
-3.39028503627330502e-01
0.00000000000000000e+00
0.00000000000000000e+00
0.00000000000000000e+00
-3.38785667333313611e-01
-3.41596268970097650e-01
-3.39393318781144038e-01
-3.39631396052650747e-01
-3.40823157657609954e-01
-3.39435878199308927e-01
-3.35169127318734994e-01
0.00000000000000000e+00
-3.39567151720169103e-01
-3.38694274733650824e-01
-3.41016190425414256e-01
-3.40505292812657789e-01
-3.38625535074619954e-01
-3.40731712571235135e-01
0.00000000000000000e+00
0.00000000000000000e+00
-3.41438984160699954e-01
-3.41209424348237422e-01
-3.38975481710058091e-01
-3.42339494484118823e-01
-3.39149931760931334e-01
-3.38040370058728779e-01
-3.39989051094422789e-01
0.00000000000000000e+00
0.00000000000000000e+00
0.00000000000000000e+00
-3.40629629211182117e-01
-3.39346770446969481e-01
-3.40758346021134639e-01
-3.39848088503008738e-01
0.00000000000000000e+00
0.00000000000000000e+00
-3.39058662049205817e-01
-3.38482274355920543e-01
0.00000000000000000e+00
-3.41687949846932293e-01
-3.39024463732987613e-01
-3.41806080526937728e-01
0.00000000000000000e+00
-3.39201719734762153e-01
-3.41039742878824326e-01
-3.39726328170050107e-01
0.00000000000000000e+00
0.00000000000000000e+00
-3.39969142531620638e-01
-3.38290149212965130e-01
0.00000000000000000e+00
0.00000000000000000e+00
-3.37900631465942014e-01
-3.40775608676482544e-01
-3.38317165080791571e-01
0.00000000000000000e+00
0.00000000000000000e+00
-3.40084379526398251e-01
-3.38027911923132252e-01
0.00000000000000000e+00
-3.38933406002627502e-01
-3.38564083450792086e-01
-3.40438745444006929e-01
-3.39434919533721402e-01
-3.37243999904607461e-01
0.00000000000000000e+00
0.00000000000000000e+00
0.00000000000000000e+00
-3.42017561364167832e-01
-3.40494745331629156e-01
-3.38516068386766844e-01
-3.41873341784639240e-01
-3.39159480875036945e-01
0.00000000000000000e+00
0.00000000000000000e+00
-3.41226228157228140e-01
-3.38307374502078317e-01
-3.40899224477846652e-01
-3.38199804683433192e-01
-3.39399285339128165e-01
-3.40207111713083932e-01
-3.38749789504291909e-01
0.00000000000000000e+00
0.00000000000000000e+00
-3.40101396987701199e-01
-3.39153442347078227e-01
-3.40670447939348753e-01
-3.41299085121435808e-01
-3.38633917538893603e-01
-3.40882492148482652e-01
-3.37022064540692667e-01
0.00000000000000000e+00
0.00000000000000000e+00
-3.39945098072309215e-01
-3.38281725087350549e-01
-3.41737830711230262e-01
-3.38608527227418299e-01
-3.37782754201240931e-01
0.00000000000000000e+00
0.00000000000000000e+00
0.00000000000000000e+00
-3.41016117701763821e-01
-3.39906805096128528e-01
-3.39607117222845756e-01
-3.40961263102003420e-01
-3.39627103839437117e-01
0.00000000000000000e+00
-3.41343068387531534e-01
-3.38928258807641658e-01
0.00000000000000000e+00
0.00000000000000000e+00
-3.40971502625822542e-01
-3.38589920030970881e-01
-3.41786186422744387e-01
0.00000000000000000e+00
0.00000000000000000e+00
-3.41243744119552883e-01
-3.39425968894228547e-01
-3.37175506301116756e-01
0.00000000000000000e+00
-3.39545568411137366e-01
-3.38503440498776953e-01
-3.40874070721784772e-01
0.00000000000000000e+00
-3.38038880864608482e-01
-3.40427504012545457e-01
-3.38008620499080203e-01
0.00000000000000000e+00
0.00000000000000000e+00
-3.39592003239808260e-01
0.00000000000000000e+00
0.00000000000000000e+00
-3.38888184659117908e-01
-3.39014945645708832e-01
-3.40306455404386587e-01
-3.39202938736307802e-01
0.00000000000000000e+00
0.00000000000000000e+00
-3.39381716684814316e-01
-3.38679833920597917e-01
-3.41612112522842459e-01
-3.39928330885870156e-01
-3.38120606244478594e-01
-3.41072486884390236e-01
-3.38209945299197956e-01
-3.36365115359877342e-01
0.00000000000000000e+00
0.00000000000000000e+00
-3.38361842257638379e-01
-3.41468159739704513e-01
-3.38859928957701284e-01
-3.39466786929649156e-01
-3.40669215833512951e-01
-3.39341205844289007e-01
0.00000000000000000e+00
-3.41035002198001536e-01
-3.39194648208967664e-01
-3.38560534698275517e-01
-3.40667535671064947e-01
-3.39853068692244464e-01
-3.38132521379007012e-01
-3.40155971900416410e-01
0.00000000000000000e+00
0.00000000000000000e+00
0.00000000000000000e+00
-3.40239561496922915e-01
-3.38282763093834704e-01
-3.42165442860459912e-01
-3.38616570258349292e-01
-3.37742574840743048e-01
0.00000000000000000e+00
-3.39110062435759640e-01
0.00000000000000000e+00
0.00000000000000000e+00
-3.40401659685263647e-01
-3.39221798506726846e-01
-3.40796315683333462e-01
-3.39343218528312562e-01
0.00000000000000000e+00
0.00000000000000000e+00
-3.39010289609439630e-01
0.00000000000000000e+00
-3.39946456934418439e-01
-3.41526813448159161e-01
-3.38493532605445180e-01
-3.40926721582467396e-01
-3.37331505730606607e-01
0.00000000000000000e+00
-3.40292740520332038e-01
-3.39157651728923704e-01
0.00000000000000000e+00
0.00000000000000000e+00
-3.39960644963170133e-01
-3.38551838806555094e-01
0.00000000000000000e+00
0.00000000000000000e+00
-3.37970511900974047e-01
-3.40579253529307568e-01
-3.37956604016040718e-01
-3.38823103086152488e-01
0.00000000000000000e+00
-3.39673226268517203e-01
0.00000000000000000e+00
-3.42359760920496137e-01
-3.38920192832520617e-01
-3.38348362524668378e-01
-3.40315710766942225e-01
-3.39281403399642023e-01
0.00000000000000000e+00
0.00000000000000000e+00
0.00000000000000000e+00
0.00000000000000000e+00
-3.41840602815360328e-01
-3.40190288703431598e-01
-3.38308308642867983e-01
-3.41787870891259338e-01
-3.39115797992481594e-01
0.00000000000000000e+00
0.00000000000000000e+00
-3.40584501237718162e-01
-3.38910275538370331e-01
-3.41430862894497422e-01
-3.39784121245400139e-01
-3.39502615402567487e-01
-3.40782623484221558e-01
-3.39375957604885758e-01
0.00000000000000000e+00
0.00000000000000000e+00
-3.40029156492267337e-01
-3.39110028138226993e-01
-3.41030592259344345e-01
-3.40968836671079911e-01
-3.38830935276595968e-01
-3.40957059848179034e-01
0.00000000000000000e+00
0.00000000000000000e+00
-3.40374266614499432e-01
-3.39728226455320748e-01
-3.37986237119859034e-01
-3.41192529205306572e-01
-3.38362973441696246e-01
-3.37756751969441327e-01
0.00000000000000000e+00
0.00000000000000000e+00
0.00000000000000000e+00
0.00000000000000000e+00
-3.40117476923660733e-01
-3.39246920153475184e-01
-3.41488915709195318e-01
-3.39762555945563205e-01
-3.37715248567730608e-01
0.00000000000000000e+00
-3.39208814480878307e-01
-3.37530625703655385e-01
0.00000000000000000e+00
-3.41594362884710123e-01
-3.38994933119217190e-01
-3.41658311283210059e-01
0.00000000000000000e+00
0.00000000000000000e+00
-3.40620683454154194e-01
-3.39295430813290222e-01
0.00000000000000000e+00
-3.41761117372034129e-01
-3.38921632017532948e-01
-3.37968716457726248e-01
-3.39344996490741124e-01
-3.39012693617433025e-01
-3.37910868394367625e-01
-3.40212560315336088e-01
-3.38238391867981381e-01
0.00000000000000000e+00
0.00000000000000000e+00
-3.39853784358229327e-01
0.00000000000000000e+00
0.00000000000000000e+00
-3.39451670397445393e-01
-3.39224351293311133e-01
-3.40696596276215069e-01
-3.39773082230962364e-01
-3.37969992672272124e-01
0.00000000000000000e+00
-3.40187489074926297e-01
0.00000000000000000e+00
-3.41915711626250562e-01
-3.40337536491802872e-01
-3.38361231480208247e-01
-3.41462951904532686e-01
-3.38734964246378556e-01
0.00000000000000000e+00
0.00000000000000000e+00
0.00000000000000000e+00
-3.38182935330529677e-01
-3.41020750117095262e-01
-3.38438534188040596e-01
-3.39369638063270085e-01
-3.40338722879411471e-01
-3.38984719940058410e-01
0.00000000000000000e+00
0.00000000000000000e+00
-3.39978152417885315e-01
-3.38884651258577640e-01
-3.41211140476746388e-01
-3.41206537309806268e-01
-3.39016896254961619e-01
-3.41227817496425834e-01
0.00000000000000000e+00
0.00000000000000000e+00
0.00000000000000000e+00
-3.41120276221479779e-01
-3.38827481069023329e-01
-3.42526197982859326e-01
-3.38862692933747656e-01
-3.38206130930571114e-01
-3.39971163180639580e-01
0.00000000000000000e+00
0.00000000000000000e+00
-3.40594575367630881e-01
-3.40094435527764749e-01
-3.39541736698710794e-01
-3.40974245594666991e-01
-3.39661135332730513e-01
0.00000000000000000e+00
0.00000000000000000e+00
-3.39246480392146388e-01
0.00000000000000000e+00
0.00000000000000000e+00
-3.41753320765804891e-01
-3.39062437831653629e-01
-3.41838037321536836e-01
-3.38466650784063461e-01
-3.39071903077706793e-01
-3.41208762956510037e-01
-3.39879196646773407e-01
0.00000000000000000e+00
0.00000000000000000e+00
-3.39947098769176892e-01
-3.38341575769583847e-01
0.00000000000000000e+00
0.00000000000000000e+00
-3.37989606545315013e-01
-3.40631379688251190e-01
-3.38169877931856377e-01
0.00000000000000000e+00
-3.40920526458111439e-01
-3.39702920532577446e-01
-3.37312724876502434e-01
-3.41356926818153550e-01
-3.39042951738326492e-01
-3.38272589891097042e-01
-3.40596135760427521e-01
-3.39305836590598819e-01
0.00000000000000000e+00
0.00000000000000000e+00
0.00000000000000000e+00
0.00000000000000000e+00
-3.41824349891901413e-01
-3.40595764539678658e-01
-3.38592724783986720e-01
-3.41883504193547905e-01
-3.38912354862027976e-01
-3.37152684942486791e-01
0.00000000000000000e+00
-3.41540645517080521e-01
-3.38805131612524901e-01
-3.41504712927969079e-01
-3.39121773227683776e-01
-3.39440298535106266e-01
-3.40537551894031121e-01
-3.38990192084458852e-01
0.00000000000000000e+00
0.00000000000000000e+00
-3.39750312497616003e-01
-3.39232040345728958e-01
-3.40783243208183373e-01
-3.40274089519801481e-01
-3.38378724552237942e-01
-3.40340899430089605e-01
-3.37985523742346305e-01
0.00000000000000000e+00
0.00000000000000000e+00
-3.40120773819264033e-01
-3.38221550121366343e-01
-3.42022233696702205e-01
-3.38826283591202815e-01
-3.37761267242331353e-01
0.00000000000000000e+00
0.00000000000000000e+00
-3.36527717385161185e-01
0.00000000000000000e+00
-3.40222864943399206e-01
-3.39644184532063131e-01
-3.41323250218314611e-01
-3.39877058510636432e-01
-3.36458575472388222e-01
-3.40864387904092236e-01
-3.39173841890829941e-01
0.00000000000000000e+00
-3.40673114772129970e-01
-3.41502507864624882e-01
-3.39134516699218624e-01
-3.41541221160424513e-01
0.00000000000000000e+00
0.00000000000000000e+00
-3.40333996933826821e-01
-3.39251365419804662e-01
0.00000000000000000e+00
0.00000000000000000e+00
-3.39659197739386909e-01
-3.38527612959861890e-01
-3.40664293451816536e-01
0.00000000000000000e+00
-3.38076441800426508e-01
-3.40464549125978511e-01
-3.37990903637719386e-01
0.00000000000000000e+00
0.00000000000000000e+00
-3.39558043721987224e-01
0.00000000000000000e+00
0.00000000000000000e+00
-3.38747238605334677e-01
-3.38844406802740528e-01
-3.40296812104298518e-01
-3.39177989583776762e-01
0.00000000000000000e+00
-3.41578376240741888e-01
0.00000000000000000e+00
-3.39551560110557316e-01
-3.41425020072058327e-01
-3.40041567741769635e-01
-3.37350985139360793e-01
-3.41040033985167135e-01
-3.38611216772459811e-01
0.00000000000000000e+00
0.00000000000000000e+00
0.00000000000000000e+00
-3.38951253305850964e-01
-3.41504227999771148e-01
-3.39720299106047452e-01
-3.39726720965945139e-01
-3.41170470252962821e-01
-3.39788968148736825e-01
-3.36694793836707751e-01
0.00000000000000000e+00
-3.40081804237349516e-01
-3.39095434608551960e-01
-3.41155266239147492e-01
-3.41112885091922835e-01
-3.38927972013095657e-01
-3.41127353787901488e-01
0.00000000000000000e+00
0.00000000000000000e+00
0.00000000000000000e+00
-3.40753940751021500e-01
-3.38667032087793418e-01
-3.42202014560921197e-01
-3.38836586484828173e-01
-3.37984438146189836e-01
0.00000000000000000e+00
-3.38734309463573080e-01
0.00000000000000000e+00
0.00000000000000000e+00
-3.40674206223760490e-01
-3.39236498683711141e-01
-3.40591407295688486e-01
-3.39688415504748542e-01
0.00000000000000000e+00
0.00000000000000000e+00
-3.39131163407830283e-01
-3.38460265264663163e-01
0.00000000000000000e+00
-3.41765960359057042e-01
-3.38951994012622493e-01
-3.41637984958101104e-01
-3.38213593631136955e-01
-3.38358848912175492e-01
-3.40917288936389118e-01
-3.39619382234640999e-01
0.00000000000000000e+00
-3.40992849836503797e-01
-3.39739727937987512e-01
-3.38217745844120787e-01
0.00000000000000000e+00
0.00000000000000000e+00
-3.37952318044333733e-01
-3.40416663690401300e-01
-3.38213499817740626e-01
0.00000000000000000e+00
0.00000000000000000e+00
-3.39629494954338695e-01
0.00000000000000000e+00
-3.42467489981938600e-01
-3.38890477468468676e-01
-3.38218369929101814e-01
-3.40156897962440197e-01
-3.39304759476736495e-01
0.00000000000000000e+00
0.00000000000000000e+00
0.00000000000000000e+00
0.00000000000000000e+00
-3.41822301289700148e-01
-3.40276933104810997e-01
-3.38465273131932920e-01
-3.41613638979567869e-01
-3.39109601246732340e-01
0.00000000000000000e+00
-3.40681345691465798e-01
0.00000000000000000e+00
-3.38048895525103532e-01
-3.40694316013769039e-01
-3.38107897122009449e-01
-3.39142913817757463e-01
-3.40055975849075820e-01
-3.38668105626764748e-01
0.00000000000000000e+00
0.00000000000000000e+00
-3.40266601349921594e-01
-3.39219028248573806e-01
-3.40403156660440742e-01
-3.41473857986499596e-01
-3.38698484403692324e-01
-3.41057562690356419e-01
-3.36518962586971948e-01
-3.37214010546248277e-01
0.00000000000000000e+00
-3.39960405269575439e-01
-3.38280603368342869e-01
-3.41863040431752196e-01
-3.38894589955444525e-01
-3.37816403786660446e-01
0.00000000000000000e+00
0.00000000000000000e+00
0.00000000000000000e+00
0.00000000000000000e+00
-3.40027780265950874e-01
-3.39729287597167307e-01
-3.41316705793310138e-01
-3.39870969934811362e-01
-3.37064238443294140e-01
0.00000000000000000e+00
-3.39174206913026466e-01
0.00000000000000000e+00
0.00000000000000000e+00
-3.41402551524522369e-01
-3.38876120003649195e-01
-3.41835202690118134e-01
0.00000000000000000e+00
0.00000000000000000e+00
-3.41192399763248333e-01
-3.39666914052943913e-01
-3.36839744297394439e-01
0.00000000000000000e+00
-3.39560550560768504e-01
-3.38332949471215505e-01
0.00000000000000000e+00
-3.40566595063407473e-01
-3.38289407430553413e-01
-3.40444940544922026e-01
-3.38027048674268804e-01
0.00000000000000000e+00
-3.39613215364420074e-01
-3.39715099670760745e-01
0.00000000000000000e+00
0.00000000000000000e+00
-3.39227840616201759e-01
-3.39276498701264362e-01
-3.40295148504867251e-01
-3.39180145193159643e-01
0.00000000000000000e+00
0.00000000000000000e+00
-3.40335675768080936e-01
0.00000000000000000e+00
-3.41923695743639067e-01
-3.40367773000152252e-01
-3.38414366286393764e-01
-3.41560699680885205e-01
-3.38754853484495078e-01
0.00000000000000000e+00
0.00000000000000000e+00
0.00000000000000000e+00
-3.38268473734386843e-01
-3.41206780813200328e-01
-3.38637084561564494e-01
-3.39441918597159442e-01
-3.40465024151447582e-01
-3.39110826187698944e-01
0.00000000000000000e+00
-3.41822838178712618e-01
-3.39052401662550462e-01
-3.38359537427298296e-01
-3.40501457884987591e-01
-3.39571391679487355e-01
-3.37713927384034773e-01
-3.40043055355660095e-01
0.00000000000000000e+00
0.00000000000000000e+00
0.00000000000000000e+00
-3.40592564217555349e-01
-3.38374260314932451e-01
-3.42255542075876107e-01
-3.38719570387428781e-01
-3.37905392182529074e-01
-3.39360366714549888e-01
-3.38333166969939925e-01
-3.37289542063150649e-01
0.00000000000000000e+00
-3.40585825067319325e-01
-3.39362031245272033e-01
-3.40990517328627452e-01
-3.39754750113180404e-01
0.00000000000000000e+00
0.00000000000000000e+00
-3.39240491019733414e-01
0.00000000000000000e+00
-3.39688585121925513e-01
-3.41586428587284552e-01
-3.38955028227942212e-01
-3.41463333118739276e-01
0.00000000000000000e+00
-3.38794186584212231e-01
-3.40440706861713627e-01
-3.39213109704275040e-01
0.00000000000000000e+00
0.00000000000000000e+00
-3.40086126910808639e-01
-3.38617639444125207e-01
0.00000000000000000e+00
0.00000000000000000e+00
-3.37957462156483590e-01
-3.40626763837410085e-01
-3.37874692808438515e-01
-3.37656013482218298e-01
0.00000000000000000e+00
-3.39839493673553872e-01
-3.38041845927866236e-01
0.00000000000000000e+00
-3.38737607940223173e-01
-3.38639312794751568e-01
-3.40327285069369212e-01
-3.39190960371716477e-01
0.00000000000000000e+00
-3.41347640753246806e-01
0.00000000000000000e+00
0.00000000000000000e+00
-3.41605369492273214e-01
-3.39944126094681887e-01
-3.37932703559664982e-01
-3.41733827251237188e-01
-3.39072059092627165e-01
0.00000000000000000e+00
0.00000000000000000e+00
-3.41041320324469044e-01
-3.38782088282429061e-01
-3.41497528097365055e-01
-3.39403390312533249e-01
-3.39494168402253160e-01
-3.40627933060314858e-01
-3.39119640534083500e-01
0.00000000000000000e+00
0.00000000000000000e+00
-3.39837028558350795e-01
-3.39147936267172878e-01
-3.40783004754361241e-01
-3.40608891952989712e-01
-3.38557401409259051e-01
-3.40500718374967426e-01
-3.37531854373558315e-01
0.00000000000000000e+00
-3.41375313225183885e-01
-3.40064476163843443e-01
-3.38299918726165771e-01
-3.41440434915214586e-01
-3.38428136735259566e-01
-3.37273138492335200e-01
0.00000000000000000e+00
0.00000000000000000e+00
0.00000000000000000e+00
0.00000000000000000e+00
-3.40461433853876450e-01
-3.39340332654353261e-01
-3.40979767788355537e-01
-3.39819831878809098e-01
0.00000000000000000e+00
-3.42098359678009944e-01
-3.39205360942603951e-01
-3.37934848376329089e-01
0.00000000000000000e+00
-3.41139126390124447e-01
-3.38770594565402483e-01
-3.41874905725887968e-01
0.00000000000000000e+00
0.00000000000000000e+00
-3.40880594938686832e-01
-3.39300292063032138e-01
0.00000000000000000e+00
0.00000000000000000e+00
-3.39183651420163823e-01
-3.38223962225505381e-01
-3.40332514430594812e-01
0.00000000000000000e+00
-3.38085524367767731e-01
-3.40379479964079634e-01
-3.38165873285847518e-01
0.00000000000000000e+00
0.00000000000000000e+00
-3.39713868856596657e-01
0.00000000000000000e+00
0.00000000000000000e+00
-3.39096096737783292e-01
-3.38871449182344076e-01
-3.40511222341121744e-01
-3.39629612088086896e-01
-3.37702637834780550e-01
0.00000000000000000e+00
0.00000000000000000e+00
-3.39136845073674809e-01
-3.41672738307043644e-01
-3.40031195914572704e-01
-3.38018912203882360e-01
-3.40979677211234566e-01
-3.38307303881600074e-01
0.00000000000000000e+00
0.00000000000000000e+00
0.00000000000000000e+00
-3.38164644338344533e-01
-3.41000301131380135e-01
-3.38342113125160660e-01
-3.39229170016028703e-01
-3.40353980028348657e-01
-3.39067943220591028e-01
0.00000000000000000e+00
0.00000000000000000e+00
-3.40062966101223330e-01
-3.39009877642960311e-01
-3.41247637498635792e-01
-3.41236433046853693e-01
-3.39019592870028641e-01
-3.41250758367019513e-01
0.00000000000000000e+00
0.00000000000000000e+00
0.00000000000000000e+00
-3.40291227755511461e-01
-3.38404358820530271e-01
-3.42038315411709370e-01
-3.38626547227088182e-01
-3.37824415978070558e-01
0.00000000000000000e+00
-3.39107838827840291e-01
0.00000000000000000e+00
-3.40992603272786576e-01
-3.40142334269111613e-01
-3.39318871134919986e-01
-3.40798008073661063e-01
-3.39338237283380972e-01
0.00000000000000000e+00
0.00000000000000000e+00
-3.38923019811445514e-01
0.00000000000000000e+00
0.00000000000000000e+00
-3.41522308920772399e-01
-3.38967317179097116e-01
-3.41460741551097235e-01
-3.39944369990137329e-01
0.00000000000000000e+00
-3.41471710645369353e-01
-3.39996154217081792e-01
-3.37466309144582421e-01
0.00000000000000000e+00
-3.39735899370305516e-01
-3.38405220174167298e-01
0.00000000000000000e+00
0.00000000000000000e+00
-3.37955315492149355e-01
-3.40464093509820431e-01
-3.37913169181753625e-01
0.00000000000000000e+00
0.00000000000000000e+00
-3.39656343449956877e-01
-3.37230066246716309e-01
-3.41913758528789691e-01
-3.38908144914424392e-01
-3.38451511612717970e-01
-3.40472884807161591e-01
-3.39265252666011263e-01
0.00000000000000000e+00
0.00000000000000000e+00
0.00000000000000000e+00
0.00000000000000000e+00
-3.41928841903865965e-01
-3.40977182391264955e-01
-3.38865588671510898e-01
-3.42164825169923748e-01
-3.39253096803959708e-01
-3.37215057926054995e-01
0.00000000000000000e+00
0.00000000000000000e+00
-3.38471896359174407e-01
-3.41278298034640548e-01
-3.38925842512528108e-01
-3.39499238801204251e-01
-3.40443420337736502e-01
-3.38939816372648917e-01
0.00000000000000000e+00
0.00000000000000000e+00
-3.39523138806898162e-01
-3.38950940752141883e-01
-3.40722254990373008e-01
-3.40197033466321352e-01
-3.38450565377765022e-01
-3.40279951098850231e-01
0.00000000000000000e+00
0.00000000000000000e+00
0.00000000000000000e+00
-3.40035117365359074e-01
-3.38281710445988981e-01
-3.41852538634889458e-01
-3.39234143061398208e-01
-3.37909035898407428e-01
0.00000000000000000e+00
