1600
9.58018670169950792e-01
1.33898922148920696e+00
1.34304704469455238e+00
1.36286403516890786e+00
1.34331893301117944e+00
1.34124079457913759e+00
1.34444293479291455e+00
1.34248115529376766e+00
9.58018670169950792e-01
9.58018670169950792e-01
1.34102134388511018e+00
1.34969051649576710e+00
1.37305807295303883e+00
1.33809759540393114e+00
1.33984979846601870e+00
9.58018670169950792e-01
9.58018670169950792e-01
9.58018670169950792e-01
9.58018670169950792e-01
1.34143248137892490e+00
1.35649230108916607e+00
1.34723023346459803e+00
1.33769229597083061e+00
1.38449415691620037e+00
1.35821836353426195e+00
1.33737617797191422e+00
9.58018670169950792e-01
9.58018670169950792e-01
1.34597019568213905e+00
1.34169238133373536e+00
1.34392305216771546e+00
9.58018670169950792e-01
9.58018670169950792e-01
1.34099239507204770e+00
1.33958955934100055e+00
1.36341461683815868e+00
9.58018670169950792e-01
1.33904113237560440e+00
1.33915755510665546e+00
1.38222421565974329e+00
9.58018670169950792e-01
1.34062628358658786e+00
1.34452884366613445e+00
1.34349333661469950e+00
9.58018670169950792e-01
1.35763413903153274e+00
1.33806079325635152e+00
9.58018670169950792e-01
9.58018670169950792e-01
1.33714286505378599e+00
1.35320987130827008e+00
1.34809059737805614e+00
1.34534659227483133e+00
9.58018670169950792e-01
9.58018670169950792e-01
9.58018670169950792e-01
1.35314333799390352e+00
1.34593328368532772e+00
1.33840657958175990e+00
1.36740567022692283e+00
1.35341323851595563e+00
1.33911412891860793e+00
1.33993650092059635e+00
9.58018670169950792e-01
9.58018670169950792e-01
1.33767525400609033e+00
1.35911169311308422e+00
1.33898121646106283e+00
1.37558708922600648e+00
1.34167167310384472e+00
1.33796200401857335e+00
9.58018670169950792e-01
9.58018670169950792e-01
1.33781531893430539e+00
1.34435618408347213e+00
1.36223045902273698e+00
1.34087900351876455e+00
1.35151631400355687e+00
1.33961353122706539e+00
9.58018670169950792e-01
9.58018670169950792e-01
9.58018670169950792e-01
1.34327677077790963e+00
1.34520308942868638e+00
1.38286139908544436e+00
1.33820713328570395e+00
1.33990359989215713e+00
1.36923548624023583e+00
1.34277400382956769e+00
1.34353396642707468e+00
9.58018670169950792e-01
1.34565271666043995e+00
1.34728458830688047e+00
1.35630958793211853e+00
1.33751635692944548e+00
9.58018670169950792e-01
9.58018670169950792e-01
1.33704487124992188e+00
9.58018670169950792e-01
9.58018670169950792e-01
1.34456268617246355e+00
1.34107799144601825e+00
1.34463791835495194e+00
1.34179685270208160e+00
1.38632731726934599e+00
1.34016491866872589e+00
1.33899390501737403e+00
9.58018670169950792e-01
9.58018670169950792e-01
1.34162400364230039e+00
1.33749747668790220e+00
9.58018670169950792e-01
9.58018670169950792e-01
1.33914248889538912e+00
1.34789172605786689e+00
1.34109600766175352e+00
1.37779677109785847e+00
9.58018670169950792e-01
1.33864960392408716e+00
9.58018670169950792e-01
1.38181889638441291e+00
1.33742321729807978e+00
1.34411366544510980e+00
1.35669366605035702e+00
1.34112186721087401e+00
9.58018670169950792e-01
1.34388755830945539e+00
9.58018670169950792e-01
9.58018670169950792e-01
1.34174668557942178e+00
1.33957653486527373e+00
1.35842542955214562e+00
1.35391350915628550e+00
1.33805642893708043e+00
9.58018670169950792e-01
9.58018670169950792e-01
9.58018670169950792e-01
1.33767421394417974e+00
1.35383751696141630e+00
1.34050448943221712e+00
1.36164997566905521e+00
1.34601708518827312e+00
1.33731225129187092e+00
9.58018670169950792e-01
9.58018670169950792e-01
1.33808981568247520e+00
1.34481029237015970e+00
1.36181955104838903e+00
1.34136168582061011e+00
1.34667370315120261e+00
1.34086835166100848e+00
1.34869502295719945e+00
9.58018670169950792e-01
1.34597313535490448e+00
1.33892297540918648e+00
1.36102002765491248e+00
1.35882119220637354e+00
1.33843663124620971e+00
1.33991222097680085e+00
9.58018670169950792e-01
9.58018670169950792e-01
9.58018670169950792e-01
9.58018670169950792e-01
1.34444736126745035e+00
1.34944512157851593e+00
1.34946821240876624e+00
1.33818416341412916e+00
1.36950886116008075e+00
9.58018670169950792e-01
1.33713465526967079e+00
1.35022204398294621e+00
9.58018670169950792e-01
1.34431719664993765e+00
1.34272567515952646e+00
1.34345618273472356e+00
9.58018670169950792e-01
9.58018670169950792e-01
1.34048151478666178e+00
1.33924200912646407e+00
9.58018670169950792e-01
9.58018670169950792e-01
1.33891736561957475e+00
1.33878299407055490e+00
9.58018670169950792e-01
1.34199211280583253e+00
1.34352102816537289e+00
1.34164260845242200e+00
1.34749824475377311e+00
9.58018670169950792e-01
9.58018670169950792e-01
1.33870484345084106e+00
9.58018670169950792e-01
9.58018670169950792e-01
1.33754736047497125e+00
1.35225925877981812e+00
1.35207148050103965e+00
1.34281896445565496e+00
1.34762563207161468e+00
9.58018670169950792e-01
1.34550523372706632e+00
9.58018670169950792e-01
1.34343521941179334e+00
1.33857246110524719e+00
1.36670935146488559e+00
1.35316764174211746e+00
1.33889705627943068e+00
9.58018670169950792e-01
9.58018670169950792e-01
9.58018670169950792e-01
1.33828054264907448e+00
1.35168818077524877e+00
1.33986958125742528e+00
1.37510289874754488e+00
1.34158324484953106e+00
1.33772261420992455e+00
9.58018670169950792e-01
9.58018670169950792e-01
1.33889239768124879e+00
1.33999356103905076e+00
1.37942622081785959e+00
1.34040011043006246e+00
1.35112847603527220e+00
1.34061046060951994e+00
9.58018670169950792e-01
9.58018670169950792e-01
9.58018670169950792e-01
1.34095000311566315e+00
1.34992919890738272e+00
1.37319438560086704e+00
1.33754444084292334e+00
1.34235149902757978e+00
1.35605513086451190e+00
1.34713986254334284e+00
9.58018670169950792e-01
1.35249167885210286e+00
1.34183778763919714e+00
1.35490189538968608e+00
1.35012453479048378e+00
1.33724352728130236e+00
9.58018670169950792e-01
9.58018670169950792e-01
1.33731025883279031e+00
9.58018670169950792e-01
9.58018670169950792e-01
1.34878078850106675e+00
1.33983651630299083e+00
1.34536014405925153e+00
9.58018670169950792e-01
1.36633897139221450e+00
1.34340754967704301e+00
1.33793733426906436e+00
1.38499279202708148e+00
9.58018670169950792e-01
1.34181387079691916e+00
1.33746007298171921e+00
9.58018670169950792e-01
9.58018670169950792e-01
1.33886838032002697e+00
1.35030303589792200e+00
1.34002129914652879e+00
9.58018670169950792e-01
9.58018670169950792e-01
1.33891269675734459e+00
1.36060698120266022e+00
9.58018670169950792e-01
1.33719584929575919e+00
1.35007902379039479e+00
1.35021854367898086e+00
1.34388469055830595e+00
9.58018670169950792e-01
9.58018670169950792e-01
9.58018670169950792e-01
9.58018670169950792e-01
1.34335160299011380e+00
1.33966839567857332e+00
1.35547836407185085e+00
1.36284057656465318e+00
1.33766903463878273e+00
1.34293791293684595e+00
9.58018670169950792e-01
1.34770502395932135e+00
1.33851400226660044e+00
1.34953463560313836e+00
1.34089184755563839e+00
1.36052436573874314e+00
1.34654363300022539e+00
1.33715358140914797e+00
9.58018670169950792e-01
9.58018670169950792e-01
1.33787153474501097e+00
1.34779606298444476e+00
1.35697594700136337e+00
1.34168642701880958e+00
1.34620348326543104e+00
1.34068515317518444e+00
1.34983766601727218e+00
9.58018670169950792e-01
9.58018670169950792e-01
1.34086645177672992e+00
1.35007791299688695e+00
1.37145408017252191e+00
1.33846562433534588e+00
1.33911239747453714e+00
9.58018670169950792e-01
9.58018670169950792e-01
1.34064089321954705e+00
9.58018670169950792e-01
1.34254450495326427e+00
1.35358963422101741e+00
1.34934500857291573e+00
1.33762621426871187e+00
9.58018670169950792e-01
1.35889680646374122e+00
1.33747845628964757e+00
9.58018670169950792e-01
1.38884384371005742e+00
1.34114109592490194e+00
1.34864580505196274e+00
1.34158195304673966e+00
9.58018670169950792e-01
9.58018670169950792e-01
1.33915101750801968e+00
1.34211968262489911e+00
9.58018670169950792e-01
9.58018670169950792e-01
1.34002752824269700e+00
1.33851836535715707e+00
1.39083268057046650e+00
9.58018670169950792e-01
1.33936567096909531e+00
1.34739910267234908e+00
1.34126104659364875e+00
1.37290454782654936e+00
9.58018670169950792e-01
1.33863935029050496e+00
9.58018670169950792e-01
9.58018670169950792e-01
1.33736281133919865e+00
1.35066272710855162e+00
1.35209385559654227e+00
1.34302315807565797e+00
9.58018670169950792e-01
9.58018670169950792e-01
1.34465110179926817e+00
1.36241239677070713e+00
1.34384769590778741e+00
1.33815755488146815e+00
1.37556809880085940e+00
1.34878257925463219e+00
1.34040551971421706e+00
9.58018670169950792e-01
9.58018670169950792e-01
9.58018670169950792e-01
1.33729354157973246e+00
1.36053836787406768e+00
1.33975332918678602e+00
1.36539998947888241e+00
1.34408800451739507e+00
1.33764700668337766e+00
1.39470485770390895e+00
9.58018670169950792e-01
1.33840798232108926e+00
1.34137494147822389e+00
1.37211596481916431e+00
1.34049760874731705e+00
1.35076726755256726e+00
1.34031600757851099e+00
9.58018670169950792e-01
9.58018670169950792e-01
1.34412310665713175e+00
1.33981812360278085e+00
1.35486617139574728e+00
1.36546404574122859e+00
1.33778931665002054e+00
1.34120740712371211e+00
9.58018670169950792e-01
1.34790258239601290e+00
9.58018670169950792e-01
9.58018670169950792e-01
1.34704558637475302e+00
1.34515875003314789e+00
1.35949396891989260e+00
1.33752609291639968e+00
9.58018670169950792e-01
9.58018670169950792e-01
1.33706368060356007e+00
9.58018670169950792e-01
9.58018670169950792e-01
1.34575657100492196e+00
1.33991701430215260e+00
1.34614898192040311e+00
1.34144714719987568e+00
9.58018670169950792e-01
1.34017269808845585e+00
1.33921737442248712e+00
9.58018670169950792e-01
1.37821123934247014e+00
1.33879355798427424e+00
1.33875028849008526e+00
9.58018670169950792e-01
9.58018670169950792e-01
1.34008530715066909e+00
1.34392481968981392e+00
1.34441524720570116e+00
9.58018670169950792e-01
9.58018670169950792e-01
1.33961103424407435e+00
1.35483330603732233e+00
1.39503962543365501e+00
1.33766836299050862e+00
1.34344953441129089e+00
1.36234277840668483e+00
1.34052961855787700e+00
1.35633246701429000e+00
9.58018670169950792e-01
9.58018670169950792e-01
9.58018670169950792e-01
1.34271132823755091e+00
1.33942568794343209e+00
1.35708381042441895e+00
1.35885550270032196e+00
1.33777814146502272e+00
9.58018670169950792e-01
1.39998282621529646e+00
1.34517039100518376e+00
1.33890481664466754e+00
1.34868417743040347e+00
1.34076057564824414e+00
1.36646334579216000e+00
1.34374758504052805e+00
1.33727646194341609e+00
9.58018670169950792e-01
9.58018670169950792e-01
1.33867548413468684e+00
1.34167791779999868e+00
1.37073822628783448e+00
1.34158313934673146e+00
1.34597583516497421e+00
1.34157516180057645e+00
9.58018670169950792e-01
1.39228946691572930e+00
9.58018670169950792e-01
1.33934341851732408e+00
1.35720096596350226e+00
1.36185227057354852e+00
1.33869732560230226e+00
1.33920125770709952e+00
9.58018670169950792e-01
9.58018670169950792e-01
9.58018670169950792e-01
1.36528069521812179e+00
1.34020830020242809e+00
1.36151070051071632e+00
1.34496144873967793e+00
1.33777503690607391e+00
1.38568386595619364e+00
9.58018670169950792e-01
1.33737048226032629e+00
9.58018670169950792e-01
9.58018670169950792e-01
1.34528783003751840e+00
1.34182432297387577e+00
1.34393565670781245e+00
9.58018670169950792e-01
9.58018670169950792e-01
1.34068200466633014e+00
1.33920685194895728e+00
9.58018670169950792e-01
9.58018670169950792e-01
1.33903561441944063e+00
1.33874319440695388e+00
9.58018670169950792e-01
1.34202105845474740e+00
1.34274326009260769e+00
1.34225218527843571e+00
1.34627667811563567e+00
9.58018670169950792e-01
1.36033024564444238e+00
1.33777032681089869e+00
9.58018670169950792e-01
9.58018670169950792e-01
1.33708578765469133e+00
1.35771248181044712e+00
1.34557039892748143e+00
1.34792828340556126e+00
9.58018670169950792e-01
9.58018670169950792e-01
1.35063647352598171e+00
1.35122282156701723e+00
1.34539684846772500e+00
1.33886549635997620e+00
1.36170791780381828e+00
1.35806360782486912e+00
1.33841359460457032e+00
1.34013287752091381e+00
9.58018670169950792e-01
9.58018670169950792e-01
1.33773285706937428e+00
1.35389790077240524e+00
1.34021847377386960e+00
1.36393517580091927e+00
1.34493440453265434e+00
1.33735821542424604e+00
9.58018670169950792e-01
9.58018670169950792e-01
1.33833395742031613e+00
1.34051681115866606e+00
1.37347525570551943e+00
1.33969038050646461e+00
1.35639640443702936e+00
1.33959931523962550e+00
9.58018670169950792e-01
9.58018670169950792e-01
9.58018670169950792e-01
1.34425457039408291e+00
1.34363366421163932e+00
1.38879690693072799e+00
1.33772864483942944e+00
1.34215123234024403e+00
1.36389709201990295e+00
9.58018670169950792e-01
1.34114129577675723e+00
9.58018670169950792e-01
1.34365745293556693e+00
1.35122373484216962e+00
1.35143849758658741e+00
1.33760635599039834e+00
9.58018670169950792e-01
9.58018670169950792e-01
1.33705401366769094e+00
9.58018670169950792e-01
1.37115902300779902e+00
1.34367775640269604e+00
1.34207414975809480e+00
1.34373614254676221e+00
1.34220486862478250e+00
1.38725374786392552e+00
1.34001411391525260e+00
1.33899260944100384e+00
9.58018670169950792e-01
9.58018670169950792e-01
1.34142014893187556e+00
1.33751220143925753e+00
9.58018670169950792e-01
9.58018670169950792e-01
1.33874925006143464e+00
1.35002621700595493e+00
1.34019423023251849e+00
1.38754419754239455e+00
9.58018670169950792e-01
1.33890282116045856e+00
1.36048037286319445e+00
9.58018670169950792e-01
1.33726457469327342e+00
1.34778035494973891e+00
1.35249778541490495e+00
1.34276261828011800e+00
9.58018670169950792e-01
1.34479485975993218e+00
9.58018670169950792e-01
9.58018670169950792e-01
1.34184120270313434e+00
1.33879757339229633e+00
1.36758272186223651e+00
1.35039151436388982e+00
1.33923237087216784e+00
9.58018670169950792e-01
9.58018670169950792e-01
1.35163531781984880e+00
1.33812299265464563e+00
1.34988466071936974e+00
1.34194690452982068e+00
1.35383362121784701e+00
1.35108608375152794e+00
1.33714329791792141e+00
9.58018670169950792e-01
9.58018670169950792e-01
1.33833338528420986e+00
1.34510171403231138e+00
1.36035472401980817e+00
1.34196446243944023e+00
1.34358115974011949e+00
1.34223214040059480e+00
1.34548334505943323e+00
9.58018670169950792e-01
9.58018670169950792e-01
1.33973000275156040e+00
1.35526407488027156e+00
1.36522394513179646e+00
1.33796815073925091e+00
1.34041974483267223e+00
9.58018670169950792e-01
9.58018670169950792e-01
9.58018670169950792e-01
9.58018670169950792e-01
1.34466728966090154e+00
1.34945135724572340e+00
1.35104620219835003e+00
1.33792510796593644e+00
1.37402398824235417e+00
1.36753139168685389e+00
1.33723267431172133e+00
1.34801150659864044e+00
9.58018670169950792e-01
1.34290424022885935e+00
1.34480796471431319e+00
1.34271208515921647e+00
9.58018670169950792e-01
9.58018670169950792e-01
1.34000395474825562e+00
1.34020746676285096e+00
9.58018670169950792e-01
1.38988969257702477e+00
1.33835149889941429e+00
1.33989715932922060e+00
1.37305580870287036e+00
1.34233983427657466e+00
1.34194806599108918e+00
1.34221742679553424e+00
1.34671778539775189e+00
9.58018670169950792e-01
9.58018670169950792e-01
1.33868254610888693e+00
9.58018670169950792e-01
9.58018670169950792e-01
1.33743104725414708e+00
1.34824373477247650e+00
1.35464307524013106e+00
1.34218061651771792e+00
9.58018670169950792e-01
9.58018670169950792e-01
9.58018670169950792e-01
1.35917886117036080e+00
1.34492674240613330e+00
1.33804158453243205e+00
1.37642247218956015e+00
1.34855416378660298e+00
1.34065622727907807e+00
9.58018670169950792e-01
9.58018670169950792e-01
9.58018670169950792e-01
1.33819165856015920e+00
1.35470659124006665e+00
1.33911599130194858e+00
1.38424017098014041e+00
1.34024970694076173e+00
1.33844949061215690e+00
9.58018670169950792e-01
9.58018670169950792e-01
1.33891415629695576e+00
1.34076417068467824e+00
1.37536600280563115e+00
1.34154410443815264e+00
1.34649164857467585e+00
1.34157412864872505e+00
9.58018670169950792e-01
9.58018670169950792e-01
9.58018670169950792e-01
1.34140255464594871e+00
1.34861925634530877e+00
1.37587300196546591e+00
1.33770911594670805e+00
1.34131282154193543e+00
1.35999573130673412e+00
1.34521182825254626e+00
9.58018670169950792e-01
1.35213926848580157e+00
1.34294540129474460e+00
1.35166302097656987e+00
1.35251980821981976e+00
1.33728718058523910e+00
9.58018670169950792e-01
9.58018670169950792e-01
1.33710316264627660e+00
9.58018670169950792e-01
9.58018670169950792e-01
1.34872661373484815e+00
1.33927862244344387e+00
1.34676275309475391e+00
1.34211208822504924e+00
9.58018670169950792e-01
1.34160086033002979e+00
1.33842049325887347e+00
1.37957147318492335e+00
9.58018670169950792e-01
1.33994038543747185e+00
1.33795208747353822e+00
9.58018670169950792e-01
9.58018670169950792e-01
1.33993260256900926e+00
1.34536060542134006e+00
1.34294331425587177e+00
9.58018670169950792e-01
1.35390187772451109e+00
1.33812656578444944e+00
9.58018670169950792e-01
1.37275854682671938e+00
1.33728509222917502e+00
1.34576800023892895e+00
1.35084487351510374e+00
1.34291062813403150e+00
9.58018670169950792e-01
9.58018670169950792e-01
9.58018670169950792e-01
9.58018670169950792e-01
1.34288169957136083e+00
1.33972213164810161e+00
1.35494030817337485e+00
1.36130046085415901e+00
1.33757952997004081e+00
9.58018670169950792e-01
9.58018670169950792e-01
9.58018670169950792e-01
1.33847212280445693e+00
1.35016022597012775e+00
1.34044322259614623e+00
1.36634888434225021e+00
1.34388622077221309e+00
1.33730854505510210e+00
9.58018670169950792e-01
9.58018670169950792e-01
1.33768519199579616e+00
1.34717265442619794e+00
1.35750335374333364e+00
1.34157093227180324e+00
1.34965103945005094e+00
1.33974065912418405e+00
9.58018670169950792e-01
9.58018670169950792e-01
9.58018670169950792e-01
1.34090473409294586e+00
1.34968973646900148e+00
1.36978957960622827e+00
1.33924866967337097e+00
1.33834923053719224e+00
9.58018670169950792e-01
9.58018670169950792e-01
1.33996819607662854e+00
9.58018670169950792e-01
1.34311712307930042e+00
1.35212968674764578e+00
1.34893922473456240e+00
1.33788752677968059e+00
1.37624225975373249e+00
1.36505151699142990e+00
1.33720157852498200e+00
9.58018670169950792e-01
9.58018670169950792e-01
1.34252333721411543e+00
1.34514261407663294e+00
1.34245087867415935e+00
9.58018670169950792e-01
9.58018670169950792e-01
1.33986757457937222e+00
1.33962530200660224e+00
9.58018670169950792e-01
9.58018670169950792e-01
1.34094845827170928e+00
1.33776041244597255e+00
9.58018670169950792e-01
1.34288468905286007e+00
1.34158124250431388e+00
1.34401246201323255e+00
1.34303714926025131e+00
1.36476338159754440e+00
9.58018670169950792e-01
1.33827903952134974e+00
9.58018670169950792e-01
9.58018670169950792e-01
1.33737651004513358e+00
1.35616298537034741e+00
1.34873294846858438e+00
1.34450549147940723e+00
9.58018670169950792e-01
1.34901733772099264e+00
1.34355369634209554e+00
9.58018670169950792e-01
1.34251032704894269e+00
1.33856286559578108e+00
1.36922751791303821e+00
1.35079464950776695e+00
1.33933500843828801e+00
9.58018670169950792e-01
9.58018670169950792e-01
9.58018670169950792e-01
1.33737654588535770e+00
1.35858892845547818e+00
1.33982102851610785e+00
1.36540145364971788e+00
1.34419989364817472e+00
1.33756809396049126e+00
1.39817683512607660e+00
9.58018670169950792e-01
1.33836056873006393e+00
1.34122364583126141e+00
1.37228971580643488e+00
1.34028160814113595e+00
1.35209523544402899e+00
1.34007093689072021e+00
9.58018670169950792e-01
9.58018670169950792e-01
1.34354009300553545e+00
1.34044464669985430e+00
1.35163423810881111e+00
1.36886905271609116e+00
1.33746217220587282e+00
1.34350830026606283e+00
1.35189064868099074e+00
9.58018670169950792e-01
9.58018670169950792e-01
9.58018670169950792e-01
1.34751216044770872e+00
1.34576875769756787e+00
1.35642786418307160e+00
1.33780670623238507e+00
9.58018670169950792e-01
9.58018670169950792e-01
1.33707223642874284e+00
1.35486555135330811e+00
9.58018670169950792e-01
1.34603096418422719e+00
1.34085140177200168e+00
1.34473442397121090e+00
9.58018670169950792e-01
1.37494709492372391e+00
1.34174530853930696e+00
1.33813095366459223e+00
9.58018670169950792e-01
9.58018670169950792e-01
1.34007002775054951e+00
1.33791357088090956e+00
9.58018670169950792e-01
9.58018670169950792e-01
1.33947092046958871e+00
1.34670178881755098e+00
1.34184921187836581e+00
9.58018670169950792e-01
9.58018670169950792e-01
1.33985018256180211e+00
1.35377641712329000e+00
9.58018670169950792e-01
1.33755025379511872e+00
1.34571696241065175e+00
1.35835882017004383e+00
1.34131239604697039e+00
1.35355888984526018e+00
9.58018670169950792e-01
9.58018670169950792e-01
9.58018670169950792e-01
1.34279938283675171e+00
1.33901495904399392e+00
1.36090429967389293e+00
1.35620926213740645e+00
1.33818950887856603e+00
9.58018670169950792e-01
9.58018670169950792e-01
1.34456945514227644e+00
1.33970109116835823e+00
1.34673838781162192e+00
1.34135330171864631e+00
1.36415054667245461e+00
1.34436532670895326e+00
1.33718236540164193e+00
9.58018670169950792e-01
9.58018670169950792e-01
1.33852317702051415e+00
1.34316488378489152e+00
1.36477782459344987e+00
1.34193968151765008e+00
1.34425274266250949e+00
1.34208320350421983e+00
1.34512467686749249e+00
9.58018670169950792e-01
9.58018670169950792e-01
1.33965918399370509e+00
1.35543287585785888e+00
1.36476795016545749e+00
1.33825740421423633e+00
1.33966125935546310e+00
9.58018670169950792e-01
9.58018670169950792e-01
9.58018670169950792e-01
1.35718178769623266e+00
1.34114074147190609e+00
1.35786595496434237e+00
1.34765570504707344e+00
1.33741961303480816e+00
9.58018670169950792e-01
1.35282292303490626e+00
1.33809163508041906e+00
9.58018670169950792e-01
9.58018670169950792e-01
1.34492643947637114e+00
1.34292615794955972e+00
1.34344655986087735e+00
9.58018670169950792e-01
9.58018670169950792e-01
1.34106240322965564e+00
1.33974893515977578e+00
1.36144415018351994e+00
9.58018670169950792e-01
1.33899042055232953e+00
1.33936225879389270e+00
1.38159826395414598e+00
9.58018670169950792e-01
1.34021817748319805e+00
1.34516822974390982e+00
1.34295033784803675e+00
9.58018670169950792e-01
9.58018670169950792e-01
1.33815185655069935e+00
9.58018670169950792e-01
9.58018670169950792e-01
1.33715739230297470e+00
1.35421376258032633e+00
1.34790651019386565e+00
1.34546067184771023e+00
9.58018670169950792e-01
9.58018670169950792e-01
1.34905696043125478e+00
1.35310418406038324e+00
1.34548918536504947e+00
1.33854524491814542e+00
1.36552364243930158e+00
1.35476734752377781e+00
1.33882669860280035e+00
1.34005344531502302e+00
9.58018670169950792e-01
9.58018670169950792e-01
1.33765524712098749e+00
1.35747591605292595e+00
1.33926179064903761e+00
1.37257110135724747e+00
1.34224471126001443e+00
1.33776611688804103e+00
9.58018670169950792e-01
1.40396485810186666e+00
1.33788833198842316e+00
1.34319790262462035e+00
1.36477372081485604e+00
1.34053965290948573e+00
1.35283945254063376e+00
1.33951940842908468e+00
9.58018670169950792e-01
9.58018670169950792e-01
9.58018670169950792e-01
1.34141458377477596e+00
1.34861075896937388e+00
1.37520762171339084e+00
1.33802305778515152e+00
1.34009218942995045e+00
9.58018670169950792e-01
1.34385512406818886e+00
9.58018670169950792e-01
9.58018670169950792e-01
1.34418313871914252e+00
1.34861903476901723e+00
1.35556160382237700e+00
1.33729350322314700e+00
9.58018670169950792e-01
9.58018670169950792e-01
1.33707217965040859e+00
9.58018670169950792e-01
1.36580273311926415e+00
1.34321321054792420e+00
1.34189966784106285e+00
1.34381352095245554e+00
1.34265191571066156e+00
9.58018670169950792e-01
1.33928127134618746e+00
1.33999022184680139e+00
9.58018670169950792e-01
9.58018670169950792e-01
1.34198694404555896e+00
1.33747321399495633e+00
9.58018670169950792e-01
9.58018670169950792e-01
1.33864978170146931e+00
1.34978432951729066e+00
1.34033489331620759e+00
1.37739123550814457e+00
9.58018670169950792e-01
1.33897150367179996e+00
9.58018670169950792e-01
1.38656123729975644e+00
1.33747384321606888e+00
1.34414634946568690e+00
1.35835251863671935e+00
1.34095509655478073e+00
9.58018670169950792e-01
9.58018670169950792e-01
9.58018670169950792e-01
9.58018670169950792e-01
1.34220025109658136e+00
1.33907808292295116e+00
1.36139664458137166e+00
1.35423458016101672e+00
1.33831280917407103e+00
9.58018670169950792e-01
9.58018670169950792e-01
1.35143423987953937e+00
1.33789100862833910e+00
1.35143312085236889e+00
1.34138535857158336e+00
1.35661960937437454e+00
1.34906471480690882e+00
1.33718973992375112e+00
9.58018670169950792e-01
9.58018670169950792e-01
1.33832639708132017e+00
1.34248854947736374e+00
1.36811464824944684e+00
1.34099916484374004e+00
1.34820494199198748e+00
1.34073895363070283e+00
9.58018670169950792e-01
9.58018670169950792e-01
1.34845942626898352e+00
1.33876459024514260e+00
1.36213133933842401e+00
1.35740087353111560e+00
1.33884715290988709e+00
1.33952986366950677e+00
9.58018670169950792e-01
9.58018670169950792e-01
9.58018670169950792e-01
9.58018670169950792e-01
1.34259647451724717e+00
1.35250691299540149e+00
1.34703621551078934e+00
1.33821371533482236e+00
1.37013269190139764e+00
9.58018670169950792e-01
1.33708137796292581e+00
1.35402622461801125e+00
9.58018670169950792e-01
1.34406274305148266e+00
1.34255180605952495e+00
1.34350131726789623e+00
9.58018670169950792e-01
9.58018670169950792e-01
1.33987913353258303e+00
1.34017220811131033e+00
9.58018670169950792e-01
1.38693009179405480e+00
1.33832984464714166e+00
1.33980279478777664e+00
1.37206555179549272e+00
1.34242470992653606e+00
1.34259330710350056e+00
1.34166121859712462e+00
1.34779337858917425e+00
9.58018670169950792e-01
9.58018670169950792e-01
1.33903791040626463e+00
9.58018670169950792e-01
9.58018670169950792e-01
1.33764255494229123e+00
1.35045895792495707e+00
1.35386981450117139e+00
1.34224605807020003e+00
1.34741722425254862e+00
9.58018670169950792e-01
1.34667393728207241e+00
9.58018670169950792e-01
1.34392185070693526e+00
1.33862030271343846e+00
1.36532934669163275e+00
1.35441190530512401e+00
1.33871522210036265e+00
9.58018670169950792e-01
9.58018670169950792e-01
9.58018670169950792e-01
1.33811468785492682e+00
1.35248074235657101e+00
1.33981609621114095e+00
1.37200807924266788e+00
1.34229296798689357e+00
1.33758724177645782e+00
9.58018670169950792e-01
9.58018670169950792e-01
1.33923876619474358e+00
1.33947613075279826e+00
1.38311393192906729e+00
1.34054460500897732e+00
1.35056939093474426e+00
1.34090479802527907e+00
9.58018670169950792e-01
9.58018670169950792e-01
9.58018670169950792e-01
1.34193114110485801e+00
1.34710264248411482e+00
1.37895280451030233e+00
1.33748522728730235e+00
1.34311873110311253e+00
1.35737759952954584e+00
9.58018670169950792e-01
9.58018670169950792e-01
1.35571635998643880e+00
1.34188689744465828e+00
1.35516731644459543e+00
1.34944083507953860e+00
1.33738158838648058e+00
9.58018670169950792e-01
9.58018670169950792e-01
1.33715629571900219e+00
9.58018670169950792e-01
9.58018670169950792e-01
1.34730753669498604e+00
1.34007197403240208e+00
1.34553243429275282e+00
1.34219278744695547e+00
1.37427210223454166e+00
1.34181728355078533e+00
1.33821134509306683e+00
9.58018670169950792e-01
9.58018670169950792e-01
1.34014476360670542e+00
1.33785582896929367e+00
9.58018670169950792e-01
9.58018670169950792e-01
1.33947174301486172e+00
1.34655146591836195e+00
1.34202860719333761e+00
9.58018670169950792e-01
1.35049037156919383e+00
1.33828977231585644e+00
1.36747119025116448e+00
1.37449621853784554e+00
1.33716051476771614e+00
1.34898673156408311e+00
1.34870045266610261e+00
1.34470048252609597e+00
9.58018670169950792e-01
9.58018670169950792e-01
9.58018670169950792e-01
9.58018670169950792e-01
1.34379672712301623e+00
1.33933981192850649e+00
1.35779727969204811e+00
1.36110863114568081e+00
1.33790407358727093e+00
1.34162622997496328e+00
9.58018670169950792e-01
1.34764548098932013e+00
1.33899322739258220e+00
1.34789366328397664e+00
1.34130598786047028e+00
1.35721089977023190e+00
1.34830399080074592e+00
1.33708129939658527e+00
9.58018670169950792e-01
9.58018670169950792e-01
1.33791517744433852e+00
1.34865305323017215e+00
1.35582336439357021e+00
1.34182813635183007e+00
1.34490528611479676e+00
1.34109764171942114e+00
1.34865781239058302e+00
9.58018670169950792e-01
9.58018670169950792e-01
1.34139963220476099e+00
1.34862444131243442e+00
1.37438386615708108e+00
1.33832868335901312e+00
1.33936640198906209e+00
9.58018670169950792e-01
9.58018670169950792e-01
1.34024574814868647e+00
9.58018670169950792e-01
1.34224988729642525e+00
1.35421305403970060e+00
1.34839411070225501e+00
1.33772284693889976e+00
1.38200757613928182e+00
1.36041674720139061e+00
1.33732906795563844e+00
9.58018670169950792e-01
1.38638827382744090e+00
1.34155753809238254e+00
1.34724242446093689e+00
1.34178422519476404e+00
9.58018670169950792e-01
9.58018670169950792e-01
1.33920727696529873e+00
1.34157373039012051e+00
9.58018670169950792e-01
9.58018670169950792e-01
1.33943706903236159e+00
1.33876293035831773e+00
1.38636649639841303e+00
9.58018670169950792e-01
1.34045838944949347e+00
1.34503567424085824e+00
1.34288887375295318e+00
9.58018670169950792e-01
9.58018670169950792e-01
1.33818684490564421e+00
9.58018670169950792e-01
9.58018670169950792e-01
1.33720253392222244e+00
1.35151885634146662e+00
1.34971408628125600e+00
1.34419780583571558e+00
9.58018670169950792e-01
1.34573497858667612e+00
9.58018670169950792e-01
1.36657629676475856e+00
1.34325221104386139e+00
1.33801280008276180e+00
1.38273377368395334e+00
1.34598596538187532e+00
1.34203019454945593e+00
9.58018670169950792e-01
9.58018670169950792e-01
9.58018670169950792e-01
1.33719723288668058e+00
1.36398515865719760e+00
1.33975563185084945e+00
1.36466464253930453e+00
1.34407319769416467e+00
1.33777315127914864e+00
1.38891505841293506e+00
9.58018670169950792e-01
1.33852602449841918e+00
1.34144731722672472e+00
1.37224206267354942e+00
1.34087949445523114e+00
1.34876333346324340e+00
1.34078689093663916e+00
9.58018670169950792e-01
9.58018670169950792e-01
9.58018670169950792e-01
1.34039595220552954e+00
1.35207205010995057e+00
1.36961121402694519e+00
1.33765657620194389e+00
1.34161716902869621e+00
9.58018670169950792e-01
1.34715810814127113e+00
9.58018670169950792e-01
9.58018670169950792e-01
1.34773840772509512e+00
1.34503005145645593e+00
1.35884022552014394e+00
1.33765445618988865e+00
9.58018670169950792e-01
9.58018670169950792e-01
1.33705606946569100e+00
1.35943508187972606e+00
9.58018670169950792e-01
1.34616330861413069e+00
1.34030935903273418e+00
1.34543369085633580e+00
1.34173472055072218e+00
1.38031059691914293e+00
1.34095116480295262e+00
1.33852600606881644e+00
9.58018670169950792e-01
1.37546738860475193e+00
1.33940318846816031e+00
1.33820659165841760e+00
9.58018670169950792e-01
9.58018670169950792e-01
1.34056376058872861e+00
1.34359778693840082e+00
1.34481069005901244e+00
9.58018670169950792e-01
9.58018670169950792e-01
1.33900258546451401e+00
9.58018670169950792e-01
1.38684453769045035e+00
1.33759931343483007e+00
1.34288754291006529e+00
1.36121080334481448e+00
1.34033512746175387e+00
9.58018670169950792e-01
9.58018670169950792e-01
9.58018670169950792e-01
9.58018670169950792e-01
1.34230084563677465e+00
1.33964460239526240e+00
1.35604086768335153e+00
1.35752493548859432e+00
1.33769557075371637e+00
9.58018670169950792e-01
1.39215976319842438e+00
9.58018670169950792e-01
1.33882880923469072e+00
1.34900669896394043e+00
1.34060949960157338e+00
1.37220557260173015e+00
1.34202746810855156e+00
1.33752482345387191e+00
9.58018670169950792e-01
9.58018670169950792e-01
1.33885173536296365e+00
1.34185486959762601e+00
1.36860173041777888e+00
1.34238003625397684e+00
1.34371677597091410e+00
1.34254822878256830e+00
1.34379381839368550e+00
1.39314598214420315e+00
9.58018670169950792e-01
1.33997640947987051e+00
1.35355003018280029e+00
1.36641045746457590e+00
1.33850160714143307e+00
1.33915864534517004e+00
9.58018670169950792e-01
9.58018670169950792e-01
9.58018670169950792e-01
9.58018670169950792e-01
1.34075560425110285e+00
1.35879299608230331e+00
1.34590692642970944e+00
1.33777062518481449e+00
1.38361095099210507e+00
9.58018670169950792e-01
1.33731002600049176e+00
9.58018670169950792e-01
9.58018670169950792e-01
1.34610937751157289e+00
1.34137391858074095e+00
1.34415791869824286e+00
9.58018670169950792e-01
9.58018670169950792e-01
1.34111336005284021e+00
1.33893758004686769e+00
1.37126134895120688e+00
9.58018670169950792e-01
1.33941160204783039e+00
1.33842571314775527e+00
9.58018670169950792e-01
1.34206609140166200e+00
1.34256539984905365e+00
1.34263778837128234e+00
1.34541949891097223e+00
9.58018670169950792e-01
1.36194256089868193e+00
1.33786927520239640e+00
9.58018670169950792e-01
9.58018670169950792e-01
1.33714900583981455e+00
1.35953336819226034e+00
1.34567006694649161e+00
1.34744478314995653e+00
9.58018670169950792e-01
9.58018670169950792e-01
1.34738807217581136e+00
9.58018670169950792e-01
1.34396001967059298e+00
1.33879217699787834e+00
1.36289548887760659e+00
1.35629812183164944e+00
1.33841953791037005e+00
9.58018670169950792e-01
9.58018670169950792e-01
9.58018670169950792e-01
1.33789981203512265e+00
1.35407636081798533e+00
1.33963691012028674e+00
1.37126615276946429e+00
1.34251271937934025e+00
1.33760032599963208e+00
9.58018670169950792e-01
1.39759780062925820e+00
1.33782829847974316e+00
1.34255581240393318e+00
1.36535127422947444e+00
1.34022478502046138e+00
1.35592518880478408e+00
1.33916120209851530e+00
9.58018670169950792e-01
9.58018670169950792e-01
9.58018670169950792e-01
1.34344115045801438e+00
1.34488541708361842e+00
1.38442649059607703e+00
1.33795785691435687e+00
1.34072332745150735e+00
1.36661546851577009e+00
1.34325127518457843e+00
1.34261843715398421e+00
9.58018670169950792e-01
1.34472784295203174e+00
1.34895633387867098e+00
1.35425442507574290e+00
1.33752353154785153e+00
9.58018670169950792e-01
9.58018670169950792e-01
1.33708892648709154e+00
9.58018670169950792e-01
1.37770796188732403e+00
1.34311553052234367e+00
1.34344382885330393e+00
1.34293413552067853e+00
9.58018670169950792e-01
1.38229641802864767e+00
1.34063031040916436e+00
1.33836859223348226e+00
9.58018670169950792e-01
9.58018670169950792e-01
1.34251477032194599e+00
1.33734230455043179e+00
9.58018670169950792e-01
9.58018670169950792e-01
1.33863641552778168e+00
1.35131515724825002e+00
1.33974347430587271e+00
1.38917906184292272e+00
9.58018670169950792e-01
1.33908743137227226e+00
1.35900496577269947e+00
9.58018670169950792e-01
1.33726688657971504e+00
1.34865734103469648e+00
1.35216846180736883e+00
1.34295229421204865e+00
9.58018670169950792e-01
1.34522157221327410e+00
9.58018670169950792e-01
9.58018670169950792e-01
1.34179193114554063e+00
1.33895262019122496e+00
1.36512963274415200e+00
1.35131571241042736e+00
1.33889616461542049e+00
9.58018670169950792e-01
9.58018670169950792e-01
1.34900846233746474e+00
1.33836095211013673e+00
1.34979720051077567e+00
1.34112370052087626e+00
1.35822574399218787e+00
1.34796591455464387e+00
1.33713653774696040e+00
9.58018670169950792e-01
9.58018670169950792e-01
1.33800488788626004e+00
1.34627477327725575e+00
1.35910278051145306e+00
1.34155511693375296e+00
1.34590728372928026e+00
1.34096696279665561e+00
1.34866332709976522e+00
9.58018670169950792e-01
1.34505960356890619e+00
1.33902335201622091e+00
1.36026551898397807e+00
1.35940746147854830e+00
1.33825524733331269e+00
1.34030859814776337e+00
9.58018670169950792e-01
9.58018670169950792e-01
9.58018670169950792e-01
9.58018670169950792e-01
1.34644105982629081e+00
1.34704308244569648e+00
1.35339638338740320e+00
1.33797981166720303e+00
9.58018670169950792e-01
1.36968111120817015e+00
1.33729022287451915e+00
1.34604938305980637e+00
9.58018670169950792e-01
1.34332070299048434e+00
1.34449348971348792e+00
1.34294636577599569e+00
9.58018670169950792e-01
9.58018670169950792e-01
1.34038032464395029e+00
1.34007456794834945e+00
9.58018670169950792e-01
9.58018670169950792e-01
1.33853325725484029e+00
1.33980062659496513e+00
1.37607480723946529e+00
9.58018670169950792e-01
1.34106372041220956e+00
1.34342855103993641e+00
1.34488804243663362e+00
9.58018670169950792e-01
9.58018670169950792e-01
1.33906385023696117e+00
9.58018670169950792e-01
9.58018670169950792e-01
1.33756657873826312e+00
1.34806524862951571e+00
1.35588643029284195e+00
1.34187595299560902e+00
1.35058197671368063e+00
9.58018670169950792e-01
9.58018670169950792e-01
1.35703711557132833e+00
1.34501533074732893e+00
1.33823631945538368e+00
1.37136464893385512e+00
1.35091858231191475e+00
1.33968517026251410e+00
9.58018670169950792e-01
9.58018670169950792e-01
9.58018670169950792e-01
1.33804081531187036e+00
1.35381799347726628e+00
1.33946991543986349e+00
1.37632602638453583e+00
1.34145379683519494e+00
1.33783490703417929e+00
9.58018670169950792e-01
9.58018670169950792e-01
1.33887524358167864e+00
1.34029041767547930e+00
1.37817821194807388e+00
1.34076555790255592e+00
1.34943137075587583e+00
1.34089296144856118e+00
9.58018670169950792e-01
9.58018670169950792e-01
9.58018670169950792e-01
1.34033653099322625e+00
1.35224195099876932e+00
1.36943895369268209e+00
1.33788647381876413e+00
1.34049369333232127e+00
9.58018670169950792e-01
1.34547138521424392e+00
9.58018670169950792e-01
1.34914726695005593e+00
1.34286775866322339e+00
1.35063330833141193e+00
1.35380126340201667e+00
1.33715484208521818e+00
9.58018670169950792e-01
9.58018670169950792e-01
1.33714793316939029e+00
9.58018670169950792e-01
9.58018670169950792e-01
1.35118096565663737e+00
1.33844060452093716e+00
1.34852815698230821e+00
1.34231576794454122e+00
9.58018670169950792e-01
1.34173098379383315e+00
1.33860327876354157e+00
1.37279299121056519e+00
9.58018670169950792e-01
1.34005448838115337e+00
1.33800151533504130e+00
9.58018670169950792e-01
9.58018670169950792e-01
1.33920333741136433e+00
1.34759491228597650e+00
1.34134336936627707e+00
9.58018670169950792e-01
9.58018670169950792e-01
1.33851407864947691e+00
1.36416811181175124e+00
1.37907799477703397e+00
1.33724611239411040e+00
1.34689431589493713e+00
1.35183691240454573e+00
1.34285260742563173e+00
9.58018670169950792e-01
9.58018670169950792e-01
9.58018670169950792e-01
9.58018670169950792e-01
1.34319401817575956e+00
1.33991236435898786e+00
1.35391706109240784e+00
1.36388773089739423e+00
1.33752512876941343e+00
1.34412719576124173e+00
9.58018670169950792e-01
9.58018670169950792e-01
1.33823900878865465e+00
1.35086313279512837e+00
1.34053470758395843e+00
1.36321839496736374e+00
1.34522768625342959e+00
1.33724226494920884e+00
9.58018670169950792e-01
9.58018670169950792e-01
1.33785318291763589e+00
1.34555596246738252e+00
1.36035000386398242e+00
1.34123041256165987e+00
1.34907382690951461e+00
1.34006650908097624e+00
9.58018670169950792e-01
9.58018670169950792e-01
9.58018670169950792e-01
1.34001621882485988e+00
1.35318886782606929e+00
1.36576652014918420e+00
1.33887292830259574e+00
1.33876618179408013e+00
9.58018670169950792e-01
