300
-3.87877001476963912e-02
2.89819649668439205e-01
2.91074299059735253e-01
3.16773201464947640e-01
2.98534516801838345e-01
2.84613270982469246e-01
2.98905182144942327e-01
2.91446833994815802e-01
-3.87877001476963912e-02
-3.87877001476963912e-02
2.93705066855763586e-01
2.91857519266197241e-01
3.27916429260492637e-01
2.86639936768087300e-01
2.85134252185406334e-01
-3.87877001476963912e-02
-3.87877001476963912e-02
-3.87877001476963912e-02
-3.87877001476963912e-02
2.94018824836053905e-01
3.01742883868059530e-01
3.01587699546986943e-01
2.84924480391451462e-01
3.09356615107815147e-01
3.16034630160937635e-01
2.82491565554144675e-01
-3.87877001476963912e-02
-3.87877001476963912e-02
3.01392549473266491e-01
2.85947326304320515e-01
2.98771722270579632e-01
-3.87877001476963912e-02
-3.87877001476963912e-02
2.93740576521332619e-01
2.88431228490306224e-01
2.95368395972483766e-01
-3.87877001476963912e-02
2.89406509875660634e-01
2.85492396753875055e-01
3.33707038640019049e-01
-3.87877001476963912e-02
2.84168246730203411e-01
2.98715563566600562e-01
2.90170502495261384e-01
-3.87877001476963912e-02
3.10459002754384039e-01
2.86536255052853905e-01
-3.87877001476963912e-02
-3.87877001476963912e-02
2.83065489358627631e-01
2.95226104829252933e-01
3.03415485135726748e-01
2.93622060446956989e-01
-3.87877001476963912e-02
-3.87877001476963912e-02
-3.87877001476963912e-02
3.00444869457090424e-01
3.00008382563409171e-01
2.87232145403102879e-01
3.00211956923817913e-01
3.10527647472389423e-01
2.85661039260936722e-01
2.84636585486610194e-01
-3.87877001476963912e-02
-3.87877001476963912e-02
2.82461278647860248e-01
3.14928395092100855e-01
2.88440944781560127e-01
3.13129786212887673e-01
2.94427135219512470e-01
2.84600412935733071e-01
-3.87877001476963912e-02
-3.87877001476963912e-02
2.85958050285128940e-01
2.90595503616963402e-01
3.17330312412118676e-01
2.91552786297945565e-01
2.89820098336700915e-01
2.91029174346795649e-01
-3.87877001476963912e-02
-3.87877001476963912e-02
-3.87877001476963912e-02
2.97043671980630086e-01
2.89394755182201979e-01
3.34959091854473312e-01
2.87310302671592188e-01
2.85539948858919812e-01
3.24029015937390974e-01
2.93186951879995217e-01
2.85273278781704720e-01
-3.87877001476963912e-02
2.99478062888504315e-01
2.94181174880533303e-01
3.10929290267039693e-01
2.84389573082877600e-01
-3.87877001476963912e-02
-3.87877001476963912e-02
2.82232176015267455e-01
-3.87877001476963912e-02
-3.87877001476963912e-02
3.00152412196388274e-01
2.84665095081040043e-01
2.99589740107999103e-01
2.92180180825993507e-01
3.21619059958057729e-01
2.91926074265048463e-01
2.86287086661776602e-01
-3.87877001476963912e-02
-3.87877001476963912e-02
2.94374329695971770e-01
2.82754751619935296e-01
-3.87877001476963912e-02
-3.87877001476963912e-02
2.83375954478589154e-01
3.03326148946013618e-01
2.88975443755571382e-01
3.10346008117434791e-01
-3.87877001476963912e-02
2.88420309630919969e-01
-3.87877001476963912e-02
3.35510702893419333e-01
2.84349509561221903e-01
2.88835667877877955e-01
3.11977945477467711e-01
2.89857540716343454e-01
-3.87877001476963912e-02
2.98504151931214157e-01
-3.87877001476963912e-02
-3.87877001476963912e-02
2.95153146994359961e-01
2.89459804108437746e-01
2.93287276112637108e-01
3.11555216406076696e-01
2.83096030624821859e-01
-3.87877001476963912e-02
-3.87877001476963912e-02
-3.87877001476963912e-02
2.82282505229319081e-01
3.08713777356205310e-01
2.91761287459531227e-01
3.03376965935518772e-01
3.00876895785139653e-01
2.83052517647908730e-01
-3.87877001476963912e-02
-3.87877001476963912e-02
2.86791973200443695e-01
2.91708797244632112e-01
3.16697452621128084e-01
2.93329834140887535e-01
2.87389064725027288e-01
2.93299407516724286e-01
2.94045418404848935e-01
-3.87877001476963912e-02
2.99950412344903050e-01
2.88897362896572585e-01
2.97110972397259754e-01
3.15852339664645654e-01
2.85709498333929945e-01
2.84761464599471992e-01
-3.87877001476963912e-02
-3.87877001476963912e-02
-3.87877001476963912e-02
-3.87877001476963912e-02
2.98569591551495372e-01
2.96907503489348301e-01
3.03015123896601124e-01
2.86607563311852442e-01
3.01976883853181888e-01
-3.87877001476963912e-02
2.82793046191287534e-01
2.92413457054029546e-01
-3.87877001476963912e-02
2.99111688740000603e-01
2.86234258729011537e-01
2.98154734283469169e-01
-3.87877001476963912e-02
-3.87877001476963912e-02
2.92702596819693850e-01
2.87141977022450368e-01
-3.87877001476963912e-02
-3.87877001476963912e-02
2.89250911473406314e-01
2.84509188848092287e-01
-3.87877001476963912e-02
2.93762635940084449e-01
2.85509570787384204e-01
2.94530545369949714e-01
2.92573871287760467e-01
-3.87877001476963912e-02
-3.87877001476963912e-02
2.88998965584184919e-01
-3.87877001476963912e-02
-3.87877001476963912e-02
2.84719603871090021e-01
2.96355482591654507e-01
3.07745904803971071e-01
2.92584960890116541e-01
2.87035676606912538e-01
-3.87877001476963912e-02
2.98875526028555993e-01
-3.87877001476963912e-02
2.97456729788816654e-01
2.87516036741502057e-01
2.98786827547722622e-01
3.10260799650833530e-01
2.84563596795673668e-01
-3.87877001476963912e-02
-3.87877001476963912e-02
-3.87877001476963912e-02
2.82794524035771544e-01
3.07520776839780519e-01
2.88970376606172363e-01
3.10288184988119220e-01
2.94224012598222728e-01
2.83675540810797655e-01
-3.87877001476963912e-02
-3.87877001476963912e-02
2.89160539612289602e-01
2.86751983271270772e-01
3.30965112765686797e-01
2.92231305576926115e-01
2.90252536716354093e-01
2.93059819978107261e-01
-3.87877001476963912e-02
-3.87877001476963912e-02
-3.87877001476963912e-02
2.93401455694739022e-01
2.90990873719983500e-01
3.28700452251539765e-01
2.84469304760127495e-01
2.87092227862812133e-01
3.11516343299262810e-01
2.95110392668390564e-01
-3.87877001476963912e-02
3.07665888929327280e-01
2.93959554262289258e-01
2.98967784531131819e-01
3.05393947968326307e-01
2.83090942439541304e-01
-3.87877001476963912e-02
-3.87877001476963912e-02
2.82101674641805800e-01
-3.87877001476963912e-02
-3.87877001476963912e-02
3.05282318513685813e-01
2.84540078333074209e-01
3.01102998971274460e-01
-3.87877001476963912e-02
3.09256445715098471e-01
2.97098706061183826e-01
2.85274269900896493e-01
3.08391237310042976e-01
-3.87877001476963912e-02
2.94759814387303976e-01
2.82353457787120399e-01
-3.87877001476963912e-02
-3.87877001476963912e-02
2.83664228633234095e-01
3.06994182457046350e-01
2.86303460829042178e-01
-3.87877001476963912e-02
-3.87877001476963912e-02
2.88931818003681951e-01
2.97650088762387743e-01
-3.87877001476963912e-02
2.83374585229337894e-01
2.93242747917318358e-01
3.05707120276487943e-01
2.92533054812194993e-01
-3.87877001476963912e-02
-3.87877001476963912e-02
-3.87877001476963912e-02
-3.87877001476963912e-02
2.97568677917403379e-01
2.90782856059028649e-01
2.93221666484639709e-01
3.19941237688097679e-01
2.83757025032917831e-01
2.87231248703324726e-01
-3.87877001476963912e-02
3.05743572500310201e-01
2.82858322842946819e-01
3.04853787375936103e-01
2.91814015889838019e-01
3.01709912985678064e-01
3.01744241379764078e-01
2.82485877048903378e-01
-3.87877001476963912e-02
-3.87877001476963912e-02
2.86000413797711517e-01
2.93858599072928051e-01
3.12399660995542006e-01
2.93005223939330317e-01
2.86894403418566313e-01
2.92890053682077434e-01
2.94240331726970727e-01
-3.87877001476963912e-02
-3.87877001476963912e-02
2.93477118661301883e-01
2.92476616212001328e-01
