300
0.00000000000000000e+00
-3.36780670788387249e-01
-3.30048230008625709e-01
-3.38602182667723628e-01
-3.38723962469372697e-01
-3.26354559743300632e-01
-3.41387090466188925e-01
-3.29346856020500789e-01
0.00000000000000000e+00
0.00000000000000000e+00
-3.37826264151473210e-01
-3.24868444842980775e-01
-3.47271061329373409e-01
-3.32410123930747148e-01
-3.28033600201497078e-01
0.00000000000000000e+00
0.00000000000000000e+00
0.00000000000000000e+00
0.00000000000000000e+00
-3.37313337149621306e-01
-3.28003602787675652e-01
-3.38903894450838239e-01
-3.32900197158472355e-01
-3.15495435881517905e-01
-3.43172536754825175e-01
-3.30610944361558245e-01
0.00000000000000000e+00
0.00000000000000000e+00
-3.41826704988207997e-01
-3.27847713954845799e-01
-3.39882411478431679e-01
0.00000000000000000e+00
0.00000000000000000e+00
-3.39124587446579306e-01
-3.30944364213319742e-01
-3.17397235336380201e-01
0.00000000000000000e+00
-3.34918082018588970e-01
-3.28848150430080588e-01
-3.40747472382489425e-01
0.00000000000000000e+00
-3.25721726927681254e-01
-3.39212204403153472e-01
-3.26334682720860136e-01
0.00000000000000000e+00
-3.36119964907144797e-01
-3.34066172552014429e-01
0.00000000000000000e+00
0.00000000000000000e+00
-3.31868220170901507e-01
-3.28478666867287328e-01
-3.39091620350797318e-01
-3.28613010425382046e-01
0.00000000000000000e+00
0.00000000000000000e+00
0.00000000000000000e+00
-3.26306642728205976e-01
-3.38915705546528223e-01
-3.34421465864824463e-01
-3.20661525323789443e-01
-3.43640523841744372e-01
-3.28802633673048239e-01
-3.25906426610938493e-01
0.00000000000000000e+00
0.00000000000000000e+00
-3.27858586835091337e-01
-3.45180080189039895e-01
-3.32081221929806825e-01
-3.24930780050803780e-01
-3.37086344000455673e-01
-3.30582141368700011e-01
0.00000000000000000e+00
0.00000000000000000e+00
-3.33973838982792148e-01
-3.29504142490680385e-01
-3.41336372015061229e-01
-3.32161155860169199e-01
-3.21380022624204786e-01
-3.37725913114321874e-01
0.00000000000000000e+00
0.00000000000000000e+00
0.00000000000000000e+00
-3.39187269223180488e-01
-3.25868872617856464e-01
-3.46684170008271064e-01
-3.33114150009068744e-01
-3.28039969470001080e-01
-3.38289460382954155e-01
-3.27939163989805660e-01
-3.23281388053838603e-01
0.00000000000000000e+00
-3.39431071799970119e-01
-3.29576145150171917e-01
-3.39471123008541875e-01
-3.33125614564690697e-01
0.00000000000000000e+00
0.00000000000000000e+00
-3.31652011013904569e-01
0.00000000000000000e+00
0.00000000000000000e+00
-3.41073196457285566e-01
-3.27610433468411621e-01
-3.42718278988384362e-01
-3.31694097229429774e-01
-3.21619059958057729e-01
-3.37328777350067111e-01
-3.30759883825307299e-01
0.00000000000000000e+00
0.00000000000000000e+00
-3.35985265678994671e-01
-3.28565560998036299e-01
0.00000000000000000e+00
0.00000000000000000e+00
-3.26294285891731928e-01
-3.40837806712508407e-01
-3.27956551566929100e-01
-3.22624683246793553e-01
0.00000000000000000e+00
-3.35001471692208452e-01
0.00000000000000000e+00
-3.47679190673411131e-01
-3.32293802237837499e-01
-3.28821388761415256e-01
-3.39525067259069280e-01
-3.29907851013510223e-01
0.00000000000000000e+00
-3.37606835757940538e-01
0.00000000000000000e+00
0.00000000000000000e+00
-3.39505452684658593e-01
-3.32548737683752205e-01
-3.20669267665615210e-01
-3.44113727454875507e-01
-3.30125186509868718e-01
0.00000000000000000e+00
0.00000000000000000e+00
0.00000000000000000e+00
-3.28972542274742152e-01
-3.45172124664489377e-01
-3.35818263719538601e-01
-3.27879770807051774e-01
-3.38067591105272403e-01
-3.31450118405511085e-01
0.00000000000000000e+00
0.00000000000000000e+00
-3.34725908876431444e-01
-3.29934172014348437e-01
-3.41211997120665800e-01
-3.34427895370034256e-01
-3.24013989758022036e-01
-3.38873154260297238e-01
-3.23078394770692390e-01
0.00000000000000000e+00
-3.37774853150946575e-01
-3.35179886411641870e-01
-3.22174246824323496e-01
-3.45266970986141897e-01
-3.30120545160766110e-01
-3.27502930438182127e-01
0.00000000000000000e+00
0.00000000000000000e+00
0.00000000000000000e+00
0.00000000000000000e+00
-3.37945722842823093e-01
-3.27741610330392952e-01
-3.38232263758364848e-01
-3.34138511961850959e-01
-3.18761391143594475e-01
0.00000000000000000e+00
-3.31851028176425533e-01
-3.27611839362100921e-01
0.00000000000000000e+00
-3.41388316855827212e-01
-3.27620385468877007e-01
-3.40987082733837765e-01
0.00000000000000000e+00
0.00000000000000000e+00
-3.38337008714578780e-01
-3.30979402696193692e-01
0.00000000000000000e+00
0.00000000000000000e+00
-3.34264663891405078e-01
-3.27983273503941686e-01
0.00000000000000000e+00
-3.31359165033113301e-01
-3.24217240072974033e-01
-3.38108841521964576e-01
-3.24698390362462619e-01
0.00000000000000000e+00
0.00000000000000000e+00
-3.35873788520628991e-01
0.00000000000000000e+00
0.00000000000000000e+00
-3.33026794518698099e-01
-3.29308850691040877e-01
-3.39830529916237523e-01
-3.29012756821768726e-01
-3.20529371774474325e-01
0.00000000000000000e+00
-3.38824494472174331e-01
0.00000000000000000e+00
-3.39293189834040665e-01
-3.34276941747637724e-01
-3.21089788636412854e-01
-3.44441588205048055e-01
-3.29649774069874890e-01
0.00000000000000000e+00
0.00000000000000000e+00
0.00000000000000000e+00
-3.26884090167440522e-01
-3.42844425791371810e-01
-3.30241106477004775e-01
-3.24487603353659504e-01
-3.36050514928569743e-01
-3.29404934858566367e-01
0.00000000000000000e+00
0.00000000000000000e+00
-3.35596571849614445e-01
-3.29694883045469345e-01
-3.41585594006612925e-01
-3.36961449207507979e-01
-3.24765149413175414e-01
-3.39483324603260583e-01
0.00000000000000000e+00
0.00000000000000000e+00
0.00000000000000000e+00
-3.38654039177127775e-01
-3.25509952117219892e-01
-3.47984314480458357e-01
-3.32126153389440681e-01
-3.28559450949680254e-01
-3.38042961451187507e-01
-3.24451576370223649e-01
0.00000000000000000e+00
-3.44663474775229683e-01
-3.37897635033711452e-01
-3.28909200790408418e-01
-3.39241495222876832e-01
-3.32359702919718614e-01
0.00000000000000000e+00
0.00000000000000000e+00
-3.29914344543399463e-01
0.00000000000000000e+00
0.00000000000000000e+00
-3.43319662016479843e-01
-3.29034435190220131e-01
-3.41507727696559515e-01
0.00000000000000000e+00
-3.26465407830526688e-01
-3.38456107175148346e-01
-3.32150159641532550e-01
-3.15759225671128241e-01
0.00000000000000000e+00
-3.36820742920413974e-01
-3.28353758389937134e-01
0.00000000000000000e+00
0.00000000000000000e+00
-3.27450675349246267e-01
-3.42270000896688187e-01
-3.27859277736242904e-01
0.00000000000000000e+00
0.00000000000000000e+00
-3.34901534100284393e-01
-3.21292767786949929e-01
0.00000000000000000e+00
-3.31878138991154648e-01
-3.28787485545355751e-01
-3.39523105436519368e-01
-3.29081672965582606e-01
0.00000000000000000e+00
0.00000000000000000e+00
0.00000000000000000e+00
0.00000000000000000e+00
-3.38638723932629226e-01
-3.36932466719651935e-01
-3.24217813930763654e-01
-3.46921832486905890e-01
-3.31655230434760306e-01
-3.27103343483025388e-01
0.00000000000000000e+00
-3.40826790051278639e-01
-3.28379110258228746e-01
-3.44533545753451076e-01
-3.35009226202853616e-01
-3.28110571174183907e-01
-3.38110524472391094e-01
-3.31303876834973920e-01
0.00000000000000000e+00
0.00000000000000000e+00
-3.34035978390491040e-01
-3.29740322603473246e-01
-3.40699621203571223e-01
-3.32221421269623063e-01
-3.23231681201104570e-01
-3.38012752018636398e-01
-3.23340671362339016e-01
0.00000000000000000e+00
0.00000000000000000e+00
-3.37422923885166648e-01
-3.24520659638019793e-01
