300
9.61954910355047654e-01
1.33618648461807532e+00
1.33786398229332582e+00
1.37269121226281521e+00
1.34788206097185603e+00
1.32924786998513222e+00
1.34838176674453458e+00
1.33836247621255078e+00
9.61954910355047654e-01
9.61954910355047654e-01
1.34138822547355208e+00
1.33891223485046162e+00
1.38807296515789069e+00
1.33194454286815001e+00
1.32994056356393786e+00
9.61954910355047654e-01
9.61954910355047654e-01
9.61954910355047654e-01
9.61954910355047654e-01
1.34180916276672613e+00
1.35221350610286239e+00
1.35200368004925053e+00
1.32966160880550865e+00
1.36254818914251463e+00
1.37167775622501398e+00
1.32643058734259833e+00
9.61954910355047654e-01
9.61954910355047654e-01
1.35173986217429465e+00
1.33102234353992022e+00
1.34820182389119414e+00
9.61954910355047654e-01
9.61954910355047654e-01
1.34143585856654957e+00
1.33433258230133189e+00
1.34362125218014139e+00
9.61954910355047654e-01
1.33563456682815751e+00
1.33041695985744490e+00
1.39613407032014591e+00
9.61954910355047654e-01
1.32865645405269328e+00
1.34812611275000194e+00
1.33665537167372972e+00
9.61954910355047654e-01
1.36405107366254508e+00
1.33180645173223611e+00
9.61954910355047654e-01
9.61954910355047654e-01
1.32719207592897970e+00
1.34343008037744926e+00
1.35447711265519999e+00
1.34127688627513741e+00
9.61954910355047654e-01
9.61954910355047654e-01
9.61954910355047654e-01
1.35045945212517937e+00
1.34987012290047659e+00
1.33273356553775746e+00
1.35014494982028910e+00
1.36414471177768593e+00
1.33064134362878161e+00
1.32927886110137106e+00
9.61954910355047654e-01
9.61954910355047654e-01
1.32639041447206574e+00
1.37016119717799367e+00
1.33434554712831588e+00
1.36769902798623955e+00
1.34235714924717531e+00
1.32923077856377736e+00
9.61954910355047654e-01
9.61954910355047654e-01
1.33103661747452451e+00
1.33722357244044887e+00
1.37345616662669245e+00
1.33850428631174867e+00
1.33618708412267706e+00
1.33780361292725791e+00
9.61954910355047654e-01
9.61954910355047654e-01
9.61954910355047654e-01
1.34587407515120305e+00
1.33561886694552556e+00
1.39788319924344484e+00
1.33283773242351056e+00
1.33048022548866829e+00
1.38268742650922483e+00
1.34069341215775029e+00
1.33012547352717303e+00
9.61954910355047654e-01
1.34915445000021905e+00
1.34202702322833356e+00
1.36469272071658554e+00
1.32895055328438039e+00
9.61954910355047654e-01
9.61954910355047654e-01
1.32608656974340700e+00
9.61954910355047654e-01
9.61954910355047654e-01
1.35006455820073379e+00
1.32931675884280742e+00
1.34930512823137061e+00
1.33934432006548487e+00
1.37935922270131295e+00
1.33900402712355726e+00
1.33147464900052470e+00
9.61954910355047654e-01
9.61954910355047654e-01
1.34228626724662781e+00
1.32677973133332672e+00
9.61954910355047654e-01
9.61954910355047654e-01
1.32760418674575176e+00
1.35435611423575120e+00
1.33505894409222092e+00
1.36389695191432603e+00
9.61954910355047654e-01
1.33431801299103148e+00
9.61954910355047654e-01
1.39865449975668610e+00
1.32889731191163518e+00
1.33487234809765121e+00
1.36612456347226763e+00
1.33623711508338761e+00
9.61954910355047654e-01
1.34784113332884248e+00
9.61954910355047654e-01
9.61954910355047654e-01
1.34333207020280332e+00
1.33570575034448580e+00
1.34082792294276576e+00
1.36554718495008798e+00
1.32723261067444964e+00
9.61954910355047654e-01
9.61954910355047654e-01
9.61954910355047654e-01
1.32615331231776312e+00
1.36167257319779211e+00
1.33878339510647493e+00
1.35442494028494598e+00
1.35104301221104417e+00
1.32717486008896191e+00
9.61954910355047654e-01
9.61954910355047654e-01
1.33214706235932456e+00
1.33871312392265329e+00
1.37258723642863956e+00
1.34088498714965088e+00
1.33294271359442407e+00
1.34084418916677617e+00
1.34184484673548599e+00
9.61954910355047654e-01
1.34979187290260394e+00
1.33495470561262031e+00
1.34596465608522498e+00
1.37142773519500016e+00
1.33070582683716609e+00
1.32944487063163708e+00
9.61954910355047654e-01
9.61954910355047654e-01
9.61954910355047654e-01
9.61954910355047654e-01
1.34792933842682960e+00
1.34569082198587120e+00
1.35393494105949808e+00
1.33190142391774269e+00
1.35252996106695722e+00
9.61954910355047654e-01
1.32683054076727336e+00
1.33965679370142965e+00
9.61954910355047654e-01
1.34866024522485528e+00
1.33140431180518970e+00
1.34737025612169470e+00
9.61954910355047654e-01
9.61954910355047654e-01
1.34004419775709116e+00
1.33261340052793531e+00
9.61954910355047654e-01
9.61954910355047654e-01
1.33542676039115760e+00
1.32910952622938972e+00
9.61954910355047654e-01
1.34146545018826813e+00
1.33043980867909717e+00
1.34249596977952179e+00
1.33987171095688629e+00
9.61954910355047654e-01
9.61954910355047654e-01
1.33509034748922417e+00
9.61954910355047654e-01
9.61954910355047654e-01
1.32938922026579931e+00
1.34494817752678930e+00
1.36035528527530936e+00
1.33988656968375741e+00
1.33247175069855905e+00
9.61954910355047654e-01
1.34834177957086165e+00
9.61954910355047654e-01
1.34643011377692234e+00
1.33311197076384902e+00
1.34822218900719881e+00
1.36378074129758575e+00
1.32918184231808989e+00
9.61954910355047654e-01
9.61954910355047654e-01
9.61954910355047654e-01
1.32683250161791810e+00
1.36004906572994422e+00
1.33505217916623420e+00
1.36381808940456284e+00
1.34208451383446059e+00
1.32800197839817935e+00
9.61954910355047654e-01
9.61954910355047654e-01
1.33530608084253566e+00
1.33209379095781966e+00
1.39231121757319576e+00
1.33941279546064007e+00
1.33676502765372418e+00
1.34052297808844711e+00
9.61954910355047654e-01
9.61954910355047654e-01
9.61954910355047654e-01
1.34098102685518206e+00
1.33775237519155632e+00
1.38916167300604876e+00
1.32905651696525084e+00
1.33254710578020408e+00
1.36549410292024631e+00
1.34327463817333137e+00
9.61954910355047654e-01
1.36024643961208014e+00
1.34172963532460821e+00
1.34846618130287599e+00
1.35715954795447402e+00
1.32722585748619681e+00
9.61954910355047654e-01
9.61954910355047654e-01
1.32591352491626568e+00
9.61954910355047654e-01
9.61954910355047654e-01
1.35700805742983532e+00
1.32915058237223782e+00
1.35134852187776344e+00
9.61954910355047654e-01
1.36241171035347364e+00
1.34594814613166558e+00
1.33012679184071048e+00
1.36123345008437635e+00
9.61954910355047654e-01
1.34280379779768055e+00
1.32624740962549148e+00
9.61954910355047654e-01
9.61954910355047654e-01
1.32798695588896387e+00
1.35933306007051291e+00
1.33149645096763147e+00
9.61954910355047654e-01
9.61954910355047654e-01
1.33500070241239599e+00
1.34669048329328755e+00
9.61954910355047654e-01
1.32760236892595773e+00
1.34076821962437442e+00
1.35758463930259543e+00
1.33981702323202279e+00
9.61954910355047654e-01
9.61954910355047654e-01
9.61954910355047654e-01
9.61954910355047654e-01
1.34658085254573656e+00
1.33747412801269916e+00
1.34073995460734952e+00
1.37704684350231066e+00
1.32811019401523600e+00
1.33273237047640070e+00
9.61954910355047654e-01
1.35763412718369114e+00
1.32691715464919535e+00
1.35642666180501092e+00
1.33885398891455365e+00
1.35216892316537152e+00
1.35221534174976998e+00
1.32642304195671090e+00
9.61954910355047654e-01
9.61954910355047654e-01
1.33109300605541758e+00
1.34159418759239313e+00
1.36670080089589807e+00
1.34044979284178445e+00
1.33228352146214202e+00
1.34029542178395622e+00
1.34210641566314126e+00
9.61954910355047654e-01
9.61954910355047654e-01
1.34108249329635587e+00
1.33974140796854591e+00
