300
-1.34226266561169449e+00 -1.34226266561169449e+00 3.13194621976062071e-01 
0.00000000000000000e+00 -1.02783575739851951e+00 2.46680581775644647e+00 
-1.42074051216990371e+00 9.47160341446602216e-01 2.06007374264636045e+00 
1.25956372917913351e+00 -1.95932135650087469e+00 1.45316333940481535e+00 
-2.01019004720313621e+00 -2.97805932918983274e-01 1.77132487184103549e+00 
7.03547022584632642e-01 1.56343782796584962e+00 2.03181774392728665e+00 
-7.13674250470030525e-01 -1.58594277882228996e+00 2.06106480297780115e+00 
1.99599282988661186e+00 2.95702641464683391e-01 1.75881466954514765e+00 
-1.35268618875315716e+00 1.20238772333613930e+00 6.52635300724489720e-01 
2.19579795070741046e-01 -1.62651700052400772e+00 1.00382078023311871e+00 
-1.12320812809489867e+00 -7.76538952756967271e-01 2.30925967391911291e+00 
1.67311314243152398e+00 1.09062190025166017e+00 1.78381057678314048e+00 
-1.57867526532474844e+00 -1.77747140984712448e+00 1.43365477721688173e+00 
1.14045154325667819e+00 -1.12637189457449882e-01 2.40478443984893708e+00 
-3.47442224836995828e-01 1.75007935473449683e+00 1.97268187069873568e+00 
1.48637508531557683e+00 -8.17899517845608548e-01 9.07280817986241495e-01 
-1.62889588420589781e+00 3.21757211694992051e-01 9.71905084544834152e-01 
1.14278925968116424e-01 1.55757943541729005e+00 1.12352820510634288e+00 
-7.59357687757085675e-01 -1.47853772007728845e+00 9.68881370745468762e-01 
1.60838114730121262e+00 -5.29508196642374585e-01 2.08195544424791823e+00 
-1.77977750203523533e+00 1.24644350310885144e+00 1.61018511394030006e+00 
8.60876650693240042e-01 -1.73450702954489855e+00 1.88733477693211271e+00 
-5.90581531256888170e-01 1.16658080248274051e-01 2.59029039356132262e+00 
1.87648612149362393e+00 1.62521874909989061e+00 1.12410592221471206e+00 
-2.06162507818843377e+00 -1.03374932695488431e+00 1.48561900691086146e+00 
5.75677858653001029e-01 7.95999014433779406e-01 2.46427534667481263e+00 
-5.36885798164066119e-01 1.59077273530093621e+00 9.39481102831590476e-01 
1.04933740064782888e+00 -1.48862230574506804e+00 6.19938423284641105e-01 
-1.58931294837887660e+00 -8.72051000482237049e-01 2.00559567825548957e+00 
1.25337104776383246e+00 1.02568636007481118e+00 2.11270216154428292e+00 
-1.67745721165631995e-01 -2.02123239330440541e+00 1.77681558330113121e+00 
1.64082099512446344e+00 -1.51252634941514391e-01 9.93105281733395295e-01 
-1.53286853598349260e+00 9.18133921990909041e-01 7.13283359476558965e-01 
9.13116511279057352e-02 -1.55117076483948524e+00 2.18708300968854052e+00 
-1.38258059652538545e+00 4.00550098746449534e-01 2.24717695637648474e+00 
1.28474855211664463e+00 1.94065140769979738e+00 1.34334118855468132e+00 
-1.12242824093717486e+00 -1.40740331230769766e+00 6.78822332187701938e-01 
8.60027327131938635e-01 -7.17279307127872134e-01 2.42518910119961850e+00 
-6.44081427664803030e-01 1.27225961020208067e+00 2.24645314820741904e+00 
1.88910837957870492e+00 -1.64189172743630629e+00 1.23782973579427868e+00 
-1.55049795168900095e+00 -2.26867555802689747e-02 1.13880218262620314e+00 
4.28444797989460002e-01 1.79417870960524395e+00 1.91276493711551954e+00 
-9.95122274459753875e-01 -1.32236225921475725e+00 2.12858304460789416e+00 
1.79796624877509759e+00 5.75010957868108852e-01 1.89295274560516935e+00 
-9.76682499691779560e-01 1.44186006452223703e+00 8.17655090705426413e-01 
1.01855347622427250e+00 -2.07386386801979139e+00 1.45057878077449010e+00 
-2.95975394067308328e-01 -5.06690386551441607e-01 2.59817187995434384e+00 
1.50749472353277914e+00 8.41989390070245425e-01 8.48494268545590846e-01 
-1.46577194823145707e+00 -9.78429295371189722e-01 7.71762727761549749e-01 
2.97269859086025878e-01 1.95733240550469173e-01 2.63041334300472363e+00 
-1.04752731971988244e+00 1.87818763497733854e+00 1.61068781758308144e+00 
1.63619716187784703e+00 -1.05465080219806628e+00 1.88387991329408311e+00 
-1.78411731771309978e+00 7.71963754166279381e-01 1.84853782799093147e+00 
5.80185089175650481e-01 1.60446246883142818e+00 8.89108793474876924e-01 
-2.70392026829634979e-01 -1.64505173853881592e+00 9.60271798806010990e-01 
1.51554949807303774e+00 -5.10034033187817148e-01 1.06976820017491780e+00 
-1.98993978372525060e+00 9.74824822447134864e-01 1.54428596769684234e+00 
5.86546457367985385e-01 -1.95308591095371487e+00 1.76918514366941126e+00 
-8.73522005822489511e-01 -1.91719507450752336e-01 2.51095957009479331e+00 
1.76744860845984797e+00 1.48757886101183079e+00 1.39814165620834530e+00 
-1.45688546757321502e+00 -1.38811454862458850e+00 1.84233165118412678e+00 
1.37541945138637201e+00 4.70925507635169494e-01 2.22909758433842597e+00 
-7.99703114979262025e-02 2.11674503520436730e+00 1.60652555768665506e+00 
1.38532977945367342e+00 -1.25347242489794741e+00 4.59453240715579414e-01 
-1.66529377891760899e+00 -3.55053817648904368e-01 8.95635201795909608e-01 
4.62606332704491238e-02 1.35240962449905622e+00 2.28168671990377581e+00 
-1.28598651105441353e+00 -1.73718289346737187e+00 1.68457742862694126e+00 
1.50693666521535108e+00 3.60807880934466488e-02 2.20221529835864427e+00 
-1.77230664308031072e+00 1.63869697495211208e+00 1.28685815527361624e+00 
7.83214665727802073e-01 -1.27407469225147163e+00 2.22957380018989726e+00 
-7.19223057289751666e-01 7.19815010423323187e-01 2.45601351693290093e+00 
1.17570949226452326e+00 1.38395433304606996e+00 6.35457781498390495e-01 
-1.32472493621511411e+00 -1.23700465424351846e+00 6.45253691949519981e-01 
4.43128136453508514e-01 -4.27931698303525565e-01 2.58981578968512638e+00 
-1.00471026830796384e+00 1.48414528093586506e+00 1.98507873712705085e+00 
1.66412131023592580e+00 -1.50728000638050741e+00 1.58250896166934885e+00 
-1.72264498285894718e+00 2.44300396429505490e-01 2.03449907280268327e+00 
9.94896087349500746e-01 1.91806139506787643e+00 1.57251580444584893e+00 
-3.34306977618208323e-01 -1.09430996553685111e+00 2.41859433785151579e+00 
1.55788788084300878e+00 5.39878841097858886e-01 9.91435921218342564e-01 
-1.29115474703131072e+00 1.36599255095005390e+00 4.10381247369110858e-01 
1.32984674510123024e-01 -1.68819392563303494e+00 9.13096568839195433e-01 
-1.23643145930862319e+00 -9.52811683929949971e-01 2.19291934326252580e+00 
1.59436992537068867e+00 9.41974534931497631e-01 1.92514403294336689e+00 
-1.63849817965591305e+00 -1.87669118711091643e+00 1.26872520996188665e+00 
1.00675211527158903e+00 -3.15658119622681532e-01 2.44798607304041527e+00 
-4.87815672613341744e-01 1.60013760474140643e+00 2.06937334406112905e+00 
2.02851870889054053e+00 -1.34069036804692021e+00 1.31717852336502905e+00 
-2.07831091391907430e+00 3.11251920941967464e-01 1.66540724401197537e+00 
5.24088459668901718e-01 2.02800168755702881e+00 1.63996205535715545e+00 
-5.13438319603781501e-01 -1.58713270465349132e+00 9.58550920925168914e-01 
1.89619908581594609e+00 -6.76978621950201753e-01 1.79638522934106426e+00 
-1.50566208663137591e+00 1.14433859235569835e+00 1.90463040803895534e+00 
1.18914542902614184e+00 -1.82514502062533723e+00 1.64448280326068397e+00 
-1.49344189328457388e-01 -9.17780477628931807e-02 2.65211451399861353e+00 
1.49335124263684405e+00 9.99395825875833643e-01 6.87414756578374697e-01 
-1.56320264664151454e+00 -7.76170240793466193e-01 8.09559288171241564e-01 
1.47087495736864277e-01 6.06912465262671508e-01 2.57760448671280562e+00 
-7.80561130364872735e-01 1.48159297286228675e+00 9.47119624310126529e-01 
9.25718270579059754e-01 -1.42803335802436981e+00 8.97326813435610826e-01 
-1.91568775878470365e+00 -4.82119132343439061e-01 1.84076038590301505e+00 
8.47124233558416151e-01 1.39737885267075890e+00 2.09715165316865093e+00 
-5.70073186004926069e-01 -1.74396558073808317e+00 1.97891332101357498e+00 
2.08363308359967769e+00 1.18363406023898166e-01 1.67923676347619977e+00 
-1.91798707024991733e+00 1.64888212142302004e+00 1.10138131862236532e+00 
5.17172481067286749e-01 -1.20112486437176091e+00 2.33699782276899937e+00 
-9.84986869568634682e-01 8.02967935999514104e-01 2.34015861091899957e+00 
1.05044427347294955e+00 1.46050860417408424e+00 6.81843415811949627e-01 
-9.16063435766180323e-01 -1.53237616215363737e+00 7.16993777895109319e-01 
1.23938803087436433e+00 -8.82551574492460134e-01 2.21177524180052876e+00 
-2.36814735149606936e-01 1.11020307112111971e+00 2.39848822052496136e+00 
1.41353184815992061e+00 -1.14210454970248465e+00 6.31627983872812604e-01 
-1.59671256548408502e+00 -1.40177783526723693e-01 1.06409030183322217e+00 
3.08683174092573065e-01 1.66082798900366124e+00 2.04853523172865692e+00 
-1.10096961651734127e+00 -1.47303391655192550e+00 1.98875813533581991e+00 
1.71101404827091730e+00 4.04418219703161164e-01 2.00957865409499048e+00 
-1.51478608244264001e+00 1.91693495206632591e+00 1.21311297732293233e+00 
6.22150219033819951e-01 -1.54596926855281636e+00 9.61424528432258341e-01 
-4.39108089365390142e-01 -7.06749188187550836e-01 2.53560799612626475e+00 
1.48542138481631336e+00 7.61104799343218508e-01 9.56907410448815110e-01 
-1.87182441556737866e+00 -1.63994896306365101e+00 1.27741081668772449e+00 
7.33004812590991484e-01 -1.28703176970711951e-02 2.55468404349044720e+00 
-7.19079518344649116e-01 1.79360817163477626e+00 1.84212679145739799e+00 
1.90101378837151236e+00 -1.16114807702299894e+00 1.58210840694825894e+00 
-1.48592422375359101e+00 6.28539090531510358e-01 2.13051315974382227e+00 
8.18479989166767674e-01 1.49505969081836243e+00 8.92365410831471695e-01 
-4.07114006310979742e-02 -2.13374649562824636e+00 1.64686713399276585e+00 
1.67450999678253587e+00 -2.59013630699656883e-01 9.11239380191552817e-01 
-1.58013611537779042e+00 8.19227434174026992e-01 7.30387066013752251e-01 
2.23252923046648281e-02 -1.70517458919579923e+00 2.07606488458955596e+00 
-1.44889243075195728e+00 2.05943557993092274e-01 2.23489091032294773e+00 
1.26856362132244782e+00 1.84016015775497999e+00 1.48183501383942540e+00 
-1.94779109003757078e+00 -9.82797081081118851e-01 1.64289263930700069e+00 
7.78662443267780446e-01 8.82464681932608297e-01 2.37931218967513658e+00 
-4.13533057170724083e-01 1.63722419979552281e+00 9.21909067346500910e-01 
1.14615657320016129e+00 -1.42531676524725825e+00 5.96846903853833100e-01 
-1.54231541726650545e+00 -4.90375450208636599e-01 1.04029999025255826e+00 
3.98268740333876048e-01 1.17234274569352004e+00 2.34557560700527112e+00 
-9.71444587757983924e-01 -1.90529364904814291e+00 1.68604872711583242e+00 
1.77548885510616761e+00 -1.50099753843248890e-01 1.99861784874979631e+00 
-1.57663597023314850e+00 1.56636980904759082e+00 1.54873248630443316e+00 
1.08691081218912511e+00 -1.41379647763375926e+00 2.03004268170743618e+00 
-3.67681999528795544e-01 5.29381380940224688e-01 2.57490538423161253e+00 
1.33054928435826048e+00 1.25907690027914487e+00 5.88041630585736108e-01 
-1.35623976797546542e+00 -1.26670552455238727e+00 5.07444385184296687e-01 
2.21168713586009147e-01 -6.34279913859830735e-01 2.57822353065341980e+00 
-1.20644027115461294e+00 1.30564549809055919e+00 2.00209965239076837e+00 
1.48238597316257303e+00 -1.67935219102965627e+00 1.58691238935298018e+00 
-1.87517117104095266e+00 5.67669244343319071e-02 1.91635090488157878e+00 
8.48988757782423109e-01 1.82153805945569292e+00 1.75161705232945097e+00 
-5.37245754955717469e-01 -1.26731938331296856e+00 2.30146065313976944e+00 
2.09087286579527110e+00 6.18862311678850863e-01 1.56443295449402320e+00 
-1.21353947735745216e+00 1.37155318772174661e+00 5.89570002942880089e-01 
5.09914175334948983e-01 -2.07356704320569252e+00 1.65168388371969055e+00 
-9.39290962221409176e-01 -3.93279153539575266e-01 2.46809243340469031e+00 
1.75657443876998021e+00 1.36191983119688453e+00 1.51858619649167470e+00 
-1.48606284096762531e+00 -1.53248884637431093e+00 1.72230987336248931e+00 
1.32344403120210430e+00 2.81295157595768619e-01 2.29182916485985944e+00 
-1.44238036630652711e-01 2.00796984562836833e+00 1.73693613700423666e+00 
1.59797582634982760e+00 -5.91299424911952087e-01 8.93458027399793742e-01 
-1.62103983971737531e+00 5.34543432709506883e-01 8.87649792891856082e-01 
6.68621044213716792e-02 1.68349423741448723e+00 9.28873301268429596e-01 
-7.46920991567163073e-01 -1.59376487229006436e+00 7.76821448233319334e-01 
1.52870498594428939e+00 -8.98605376123750021e-01 2.03057219756346718e+00 
-1.87282053815243388e+00 9.21461920820262681e-01 1.69911339052480526e+00 
7.58265694344416152e-01 -1.99707837193591087e+00 1.66411249968664676e+00 
-6.61544865929404091e-01 -2.96843177152288695e-01 2.56321831506351083e+00 
1.90870015416129601e+00 1.38367734762815342e+00 1.32651796124308108e+00 
-1.42304774804463152e+00 -9.17721035314502775e-01 9.13319334269855232e-01 
5.14440589336103260e-01 4.00019646969558551e-01 2.57240204822904284e+00 
-8.52000084193904939e-01 2.01433726480296871e+00 1.54766357448938252e+00 
1.05258953963795032e+00 -1.44157118844242738e+00 7.17883533675348851e-01 
-1.65664108366157081e+00 -6.86472069344975844e-01 2.01490303640986923e+00 
1.17461169788497677e+00 1.20242880851894784e+00 2.06518814775053361e+00 
-2.36972833498155455e-01 -1.89507343391566452e+00 1.90109625862992870e+00 
1.62213084325792711e+00 -3.65152031122744289e-02 1.03382163138413086e+00 
-1.43956328523866550e+00 1.03522861979446068e+00 7.46584389587719222e-01 
3.02003948258185662e-01 -1.38277464628249369e+00 2.27587383231245433e+00 
-1.18895761513737241e+00 6.01722114269474417e-01 2.30819067402856382e+00 
9.90810033431122950e-01 1.43016393473933845e+00 8.21191570614227873e-01 
-1.06732940473795912e+00 -1.37505514664639450e+00 8.19426801909558855e-01 
1.06828512527205044e+00 -5.12698704840212183e-01 2.39360929532222055e+00 
-4.31551519701807218e-01 1.44766513691609000e+00 2.18727169507028352e+00 
1.40789419588190712e+00 -1.01375611069051730e+00 8.31601755327888381e-01 
-2.04712866729865262e+00 1.41597959113145849e-01 1.72839013353301874e+00 
6.00260239632688930e-01 1.90802176355502029e+00 1.75482789258342575e+00 
-8.14291103719911535e-01 -1.16423043165598172e+00 2.27830621644803655e+00 
1.91915843603890846e+00 7.28293408888432081e-01 1.72262718405361648e+00 
-8.52016042120981920e-01 1.53395333374179832e+00 7.88977079575618467e-01 
7.78795606313510969e-01 -1.56694327482251561e+00 7.99746944539341698e-01 
-7.28456523619943896e-02 -9.08122481023052042e-01 2.50995458409670835e+00 
1.61756875253277488e+00 6.20294348296353881e-01 8.36740850279173998e-01 
-1.46528446906221865e+00 -1.10527070798859439e+00 5.76842339822757899e-01 
7.46318889867663288e-02 -2.22769534204668829e-01 2.64837810963845177e+00 
-1.27137049755812748e+00 1.59189343821620688e+00 1.75642669651582928e+00 
1.43140406091796168e+00 -1.40669891128845825e+00 1.83699390202398583e+00 
-1.94964202768834149e+00 4.08580231122261661e-01 1.79252398507886013e+00 
6.89427310627035217e-01 2.06479629115718266e+00 1.53728010623433442e+00 
-4.02264609679378882e-01 -1.57092692754030150e+00 1.03527811256349667e+00 
2.03075146150956387e+00 -5.72665665497812837e-01 1.67934652626609182e+00 
-1.47432194127398319e+00 7.76597565773950227e-01 9.61613244780269882e-01 
4.11390208969965143e-01 -1.83624202435630113e+00 1.92625790824927323e+00 
-1.07689080326179765e+00 1.26055805045729979e-02 2.43903616282452784e+00 
1.59757043397976428e+00 1.65262083070820487e+00 1.40976075349985597e+00 
-1.64069450082927348e+00 -1.20094874049263689e+00 1.81808561926948276e+00 
1.18170154765716728e+00 6.71280472484987900e-01 2.28470161275327843e+00 
-1.81652412137281838e-01 1.59720715401238977e+00 1.05705284000427358e+00 
1.35818844095841063e+00 -1.22555304087340411e+00 5.95628156719999913e-01 
-1.61305962424149718e+00 -2.54177029179483926e-01 1.01728151693821856e+00 
2.48557107344681921e-01 1.51161404302100610e+00 2.16683647253981349e+00 
-1.13921002304033481e+00 -1.61907758845642480e+00 1.86540133235026495e+00 
1.66763368634238396e+00 2.22534163247443906e-01 2.07338701615253518e+00 
-1.60000763836930782e+00 1.79467329778456097e+00 1.28806926650992137e+00 
9.93697215313435134e-01 -1.08337627302618933e+00 2.24580165295587264e+00 
-5.01738025380041308e-01 9.18722341593396719e-01 2.44101725341358389e+00 
1.21512375938368988e+00 1.40575065121577558e+00 4.98766833512837793e-01 
-1.18423349063495387e+00 -1.40199194490849610e+00 5.77441446637662392e-01 
6.48890439088948390e-01 -8.22857560313984271e-01 2.45642340642513846e+00 
-8.49827908553136724e-01 1.17355837088151937e+00 2.23572108001235659e+00 
1.74112673175935684e+00 -1.74356760041962655e+00 1.29713986641400569e+00 
-1.56770803287329774e+00 -1.31647456926439088e-01 2.16819441409761149e+00 
1.21661953097977227e+00 1.64014942420150867e+00 1.72554621490189786e+00 
-1.15627851692480854e-01 -1.44958307570359524e+00 2.25240904936895570e+00 
1.65104821354650744e+00 3.04037250070593734e-01 9.39696836931543711e-01 
-1.38311538793402056e+00 1.23432805425938508e+00 5.14640725509665664e-01 
9.96198620828208231e-02 -1.56674341589630961e+00 1.11212407133777735e+00 
-1.32107178666974479e+00 -5.73790186167438154e-01 2.26240018879628391e+00 
1.49479153817143406e+00 1.27533364874998578e+00 1.81588766477988073e+00 
-1.75549695221155666e+00 -1.61044340555219367e+00 1.42960942333395602e+00 
9.40170821671240664e-01 8.88881561905066064e-02 2.48470171709166987e+00 
-5.25846550861303275e-01 1.87244651658135042e+00 1.82212968912271234e+00 
2.03590766650163513e+00 -1.05158872957501859e+00 1.48577848205933449e+00 
-2.09067961802650748e+00 6.39781558203055489e-01 1.56118074123100348e+00 
3.15517288625776327e-01 1.61140194785009050e+00 1.00262734915217799e+00 
-8.30342423819395159e-01 -2.03756013023552862e+00 1.59998802520196093e+00 
1.86838390314636005e+00 -3.28056432925561192e-01 1.89801849951810375e+00 
-1.50678377137610164e+00 1.44605033676682715e+00 1.70645400123308377e+00 
1.18517804432733209e+00 -1.55505291323038497e+00 1.88273513663343084e+00 
-2.22724294573103332e-01 3.25888313961559095e-01 2.62493897120487096e+00 
1.40805251833565737e+00 1.16551319565937961e+00 6.00329988070915199e-01 
-1.54104827108756526e+00 -5.96237912234032219e-01 9.85443847419821273e-01 
3.57541426936688278e-01 9.91895448335745278e-01 2.43320657771148019e+00 
-6.28207025132757391e-01 1.62752417160454299e+00 8.11141173065174859e-01 
9.53006302689015539e-01 -1.53987523229374434e+00 6.49609308914250616e-01 
-1.74139756821361869e+00 -9.09729752989105633e-01 1.87238077261652602e+00 
1.07539047186977199e+00 9.84275901054666225e-01 2.22290381395519887e+00 
-3.52318315767614465e-01 -2.05597196774904223e+00 1.71855240901453699e+00 
1.57030809266921612e+00 -1.96232719547586060e-01 1.09409972676227207e+00 
-1.87867823577202020e+00 1.38406829537396403e+00 1.40697751020058881e+00 
6.91636569743378726e-01 -1.57871502339229375e+00 2.06775321994916794e+00 
-8.00136174207467743e-01 3.53354396424331196e-01 2.51234390614463354e+00 
1.71039980972494954e+00 1.79874144743177355e+00 1.11843091816095797e+00 
-8.37625410777010360e-01 -1.52276888015141454e+00 8.25219732609323242e-01 
1.42784266681901051e+00 -7.44155770526701899e-01 2.14941519151663263e+00 
-2.34466798823168704e-02 1.23093461242253910e+00 2.34946355564328258e+00 
1.49590751046051196e+00 -1.05682812659128733e+00 5.88900695549032238e-01 
-1.69390522077968253e+00 -5.83178321794022222e-02 9.10336823208850454e-01 
1.08830649915584651e-02 1.76183237043040153e+00 1.98746715128701679e+00 
-1.38198730002233883e+00 -1.33363871696959313e+00 1.92423084581328774e+00 
1.45841925915578319e+00 5.43908298052036665e-01 2.16071937640944656e+00 
-1.17712130097655066e+00 1.34830559002971917e+00 7.05610712012391783e-01 
4.56975427663603051e-01 -1.52820838175129636e+00 1.07572375574842716e+00 
-7.62716446083759769e-01 -5.65440145366774560e-01 2.49548563743559182e+00 
1.89031807518853623e+00 1.21412868660055007e+00 1.48556054678359173e+00 
-1.42161994743046760e+00 -1.02307455319828300e+00 7.96080512191248091e-01 
4.08053517430218005e-01 1.25925481706028491e-01 2.62063871983171115e+00 
-9.71430760248750969e-01 1.84930230930900663e+00 1.68138065941230819e+00 
1.70568317870831820e+00 -1.09750610174792507e+00 1.80506771672948352e+00 
-1.71638916339865566e+00 7.24043141147437730e-01 1.92619012366232667e+00 
6.42199508044255518e-01 1.57398047230588389e+00 9.00885266219963232e-01 
-2.07734291423782524e-01 -1.66841917034303377e+00 9.35228813939814829e-01 
1.54684984253005187e+00 -5.38372588388084772e-01 1.00937580660615112e+00 
-1.58410417954264360e+00 6.12144602282297723e-01 9.04058589073145624e-01 
1.78208236489028948e-01 -2.01362509255480537e+00 1.77951560286846977e+00 
-1.30051070150252879e+00 -2.50976595294844174e-01 2.32401179779813649e+00 
1.47236635624335999e+00 1.51547665256399910e+00 1.65100040340944099e+00 
-1.78082363265143084e+00 -1.37580229068489168e+00 1.58772393165029602e+00 
9.67000204941718566e-01 4.23423890310980433e-01 2.43744324293825132e+00 
-4.71467849574476683e-01 2.06778205910911916e+00 1.61452708497152631e+00 
1.23145656505102807e+00 -1.35527226014371416e+00 5.90068493907633718e-01 
-2.09979160351118299e+00 -6.02011781967938475e-01 1.61280461599383274e+00 
5.63742466936572262e-01 1.28072642638326784e+00 2.25494363409489162e+00 
-8.37920159057233827e-01 -1.83626308684161343e+00 1.81262264091849823e+00 
1.89540718580574841e+00 -2.63232636377043992e-02 1.89125849642957067e+00 
-1.42989229409127261e+00 1.68195835535457272e+00 1.56200746004881186e+00 
1.25179498270479339e+00 -1.28764217748246934e+00 2.02211084411737962e+00 
-1.83318231479442734e-01 6.65209641070350743e-01 2.56153916705739304e+00 
1.36061296039956625e+00 1.27083166475833531e+00 4.84920869900478557e-01 
-1.40999553445339343e+00 -1.20477984343735955e+00 5.11709995889558455e-01 
1.11264682952159202e-01 -4.99258080492541889e-01 2.61258414265819372e+00 
-1.27812233935523389e+00 1.39930314696778924e+00 1.89943513846983447e+00 
1.42289531587542872e+00 -1.60114011974551862e+00 1.69799986857450280e+00 
-1.93993477779837797e+00 1.74963047264911076e-01 1.84208131701574596e+00 
7.46312208864915005e-01 1.91353906223950765e+00 1.69744038788435203e+00 
-6.46728570079955323e-01 -1.14380387483501167e+00 2.33645503341598326e+00 
2.02076980782737214e+00 7.37869416961800417e-01 1.60531511895404333e+00 
-1.22630479888296984e+00 1.39205761200279410e+00 5.09687299553782891e-01 
2.77449240439494038e-01 -1.64206433259007456e+00 9.63366827765940514e-01 
-1.02221846085818435e+00 -8.45844958860941909e-01 2.33101367202213927e+00 
1.75370961378730916e+00 1.02397589936286093e+00 1.74802863504467587e+00 
