381
-4.861068131988338647531e-02
-4.861068131988338647531e-02
-4.861068131988338647531e-02
-4.861068131988338647531e-02
-4.861068131988338647531e-02
-4.861068131988338647531e-02
-4.861068131988338647531e-02
-4.861068131988338647531e-02
-4.861068131988338647531e-02
-4.861068131988338647531e-02
-4.861068131988338647531e-02
-4.861068131988338647531e-02
-4.861068131988338647531e-02
-4.861068131988338647531e-02
-4.861068131988338647531e-02
-4.861068131988338647531e-02
-4.861068131988338647531e-02
-4.861068131988338647531e-02
-4.861068131988338647531e-02
-4.861068131988338647531e-02
-4.861068131988338647531e-02
-4.861068131988338647531e-02
-4.861068131988338647531e-02
-4.861068131988338647531e-02
-4.861068131988338647531e-02
3.188555343467729952245e-01
3.231798878971092192636e-01
3.127358767359443292300e-01
3.119980914458889142971e-01
3.029210103216204430510e-01
2.999270579389052282515e-01
2.902435301983178894680e-01
2.939929495839898598852e-01
2.900969664085547017329e-01
2.884143197454701046389e-01
2.887502527804325924699e-01
2.874618681732165059728e-01
2.880291217303410089556e-01
2.905142370152370423497e-01
2.880703863442528045447e-01
2.931425630753932698447e-01
2.896342029192593980902e-01
2.958293157747083901299e-01
3.024065474391297025925e-01
2.982751778108234108622e-01
3.055953207853915332137e-01
3.072532368008994430042e-01
3.159329259582112636728e-01
3.223494320119666411983e-01
-4.861068131988338647531e-02
-4.861068131988338647531e-02
-4.861068131988338647531e-02
-4.861068131988338647531e-02
3.050930590164697697730e-01
3.094945796271673654765e-01
3.035781861241768631032e-01
3.009332028794893254542e-01
2.904604385977933578289e-01
2.957079333902424278513e-01
2.961649706184130148579e-01
2.939159763042419881707e-01
2.866397212479158129739e-01
2.896466420636795713328e-01
2.853044140412818174823e-01
2.846278462494849503805e-01
2.848451532507386696480e-01
2.852312332790432058971e-01
2.868793961338314546516e-01
2.862976099527993478766e-01
2.875018260831014305090e-01
2.862277096653568220219e-01
2.878755455942637042632e-01
2.912474705210263414834e-01
2.883758431999418614389e-01
2.925192294623788491492e-01
2.927672589486067233899e-01
2.978240169968241479737e-01
2.992169330873081234401e-01
3.120260428257181639644e-01
3.014503455924917307840e-01
3.053029232257924441285e-01
-4.861068131988338647531e-02
-4.861068131988338647531e-02
-4.861068131988338647531e-02
-4.861068131988338647531e-02
-4.861068131988338647531e-02
2.947103515472133672404e-01
2.978650318793781281990e-01
2.943896342709440006047e-01
2.922480279923213020155e-01
2.908108341990194856130e-01
2.896509420873443207967e-01
2.870650672666807401434e-01
2.845203395146801983451e-01
2.845304714581721183819e-01
2.870470770442026808844e-01
2.831602601928138729370e-01
2.820835325231467738405e-01
2.818383464872828425563e-01
2.819746941521427130439e-01
2.833263630926003973087e-01
2.835541233166583019454e-01
2.836044290375470122711e-01
2.856291868736394179429e-01
2.852341153496481540586e-01
2.835846620666525041976e-01
2.881616498914005841669e-01
2.873718437914176138115e-01
2.903702370622907036335e-01
2.916767743673930879389e-01
2.958717460692333323102e-01
2.932574802046539752531e-01
2.967499445049091577609e-01
-4.861068131988338647531e-02
-4.861068131988338647531e-02
-4.861068131988338647531e-02
-4.861068131988338647531e-02
2.854833010982696928082e-01
2.898958638064612625129e-01
2.866971609631033257592e-01
2.899929303184309858921e-01
2.833684485955224596765e-01
2.879542762322708782108e-01
2.862999287488842137250e-01
2.825997631427498713030e-01
2.858347335261198218781e-01
2.837156170056277515457e-01
2.844864764015044844570e-01
2.806224324846606776873e-01
2.813776584117342882685e-01
2.826570787604077428234e-01
2.821202007717174553569e-01
2.807296307325543027744e-01
2.810261716560986111624e-01
2.798396885314093918140e-01
2.819821775446316181046e-01
2.806868829242221141662e-01
2.807664282542879918836e-01
2.818121089873225626476e-01
2.804405154751193895990e-01
2.831006638319646384616e-01
2.811700354117135924881e-01
2.862969048921629178217e-01
2.820350098401475658072e-01
2.844110801892228423959e-01
2.832733286561813779159e-01
2.842869230445696504539e-01
2.868578237882420944871e-01
2.851654078651225665553e-01
2.887708807156053603116e-01
2.900745211171128490335e-01
2.868710804118332902135e-01
-4.861068131988338647531e-02
-4.861068131988338647531e-02
-4.861068131988338647531e-02
-4.861068131988338647531e-02
-4.861068131988338647531e-02
-4.861068131988338647531e-02
2.821894027460887799386e-01
2.825610998588183875313e-01
2.824287550414776304386e-01
2.832655264263453931406e-01
2.837788411101876961951e-01
2.842090413237585155848e-01
2.816954426650968845713e-01
2.809872193452719324469e-01
2.808825158237451269372e-01
2.819334451222453852282e-01
2.824340147997688732495e-01
2.816199410288822146953e-01
2.800238315922108922607e-01
2.799332774395347778196e-01
2.808043962578735119884e-01
2.817997545975545747865e-01
2.801942926747108542074e-01
2.794589792679529338670e-01
2.806496446122510590726e-01
2.789882400998880407350e-01
2.786216805301833243647e-01
2.790915302133554765085e-01
2.801389329579814790883e-01
2.794934375482222010945e-01
2.790778099671026302175e-01
2.796029310787895294510e-01
2.784712000637566409189e-01
2.786092745439333051571e-01
2.784182838071271315350e-01
2.785311357894811878921e-01
2.797249422661479134611e-01
2.783323139886001440502e-01
2.798843907636523464788e-01
2.790664389130350642176e-01
2.791974463675648832073e-01
2.786402091897712818280e-01
2.795111766344112180782e-01
2.783259610537633932381e-01
2.787991686197056617758e-01
2.789024250235979662804e-01
2.799598932593687639070e-01
2.804480126301132636435e-01
2.788798443492814249645e-01
2.795915705701234599267e-01
2.792321016547197887192e-01
2.792162458121654200482e-01
2.788187211209737781381e-01
2.796234753043040921483e-01
2.798945120390330942861e-01
2.801942570576099744706e-01
2.806017417644980915803e-01
2.807269810986474101178e-01
2.811662424347551314519e-01
2.826991938098503132082e-01
2.812760222072396842918e-01
2.814716964693222966964e-01
2.833068817427700780698e-01
2.816202624909214802251e-01
2.825124768712120593150e-01
2.824386750393096945366e-01
2.823841714970341532087e-01
2.837049851424607305184e-01
2.848222689122091311198e-01
2.833362791525803614512e-01
2.840838328120143807531e-01
2.833690482369602969825e-01
2.848606222934155218773e-01
-4.861068131988338647531e-02
-4.861068131988338647531e-02
-4.861068131988338647531e-02
-4.861068131988338647531e-02
-4.861068131988338647531e-02
2.839080939038533535346e-01
2.840540676012390797212e-01
2.827351711989787852453e-01
2.826908929636374190331e-01
2.810984454397549292537e-01
2.823740757691378111538e-01
2.797407986245445399298e-01
2.809387557718641126314e-01
2.789992579725338317509e-01
2.796938180424233810761e-01
2.789427336590935557759e-01
2.789954060780656663887e-01
2.783956347820977783591e-01
2.783281019328127103840e-01
2.782712469425644985499e-01
2.785129162323919937982e-01
2.787268745304510852989e-01
2.784518224874715786044e-01
2.782217348758611041859e-01
2.794935439111480568464e-01
2.806605237441006650556e-01
2.794148931094218024640e-01
2.806503815456798944794e-01
2.820740943049919735586e-01
2.824773117854290083173e-01
2.859375480428718030446e-01
2.832509894723123089477e-01
2.846404068008040466609e-01
2.869296828150560418891e-01
2.842581641449477558581e-01
-4.861068131988338647531e-02
-4.861068131988338647531e-02
-4.861068131988338647531e-02
-4.861068131988338647531e-02
-4.861068131988338647531e-02
2.862984850701950079177e-01
2.933481661050073574515e-01
2.884360435963482238719e-01
2.902445321222694163410e-01
2.868460258388204064950e-01
2.851507117802013491215e-01
2.840401110590342614870e-01
2.832333241384477062752e-01
2.811567941854819507874e-01
2.814117578027633959081e-01
2.796808094022446011806e-01
2.809013082945431838411e-01
2.798800036313479622230e-01
2.788468438528640680474e-01
2.794751480464693349504e-01
2.786854318138067276855e-01
2.792910983735872321176e-01
2.787530533746540029050e-01
2.793951401595128891664e-01
2.800543257841657807106e-01
2.816121454649437305662e-01
2.823957565783610235144e-01
2.805934673551709890305e-01
2.851116954852682128241e-01
2.824879889280776934513e-01
2.852116180469825290622e-01
2.888498430582939202615e-01
2.881004619381592468663e-01
2.925127190464252846525e-01
2.897648790527674877993e-01
2.944484036019499595405e-01
-4.861068131988338647531e-02
-4.861068131988338647531e-02
-4.861068131988338647531e-02
2.974472764797747026400e-01
3.063168657265129546374e-01
2.925500899822544575990e-01
2.877079421312256912735e-01
2.912586154579202557535e-01
2.832906365920745406228e-01
2.846648861270408281676e-01
2.862045293171969762014e-01
2.822988014494084985095e-01
2.815170186259374207616e-01
2.802379623910079553539e-01
2.816615772018541408173e-01
2.808160585930151720291e-01
2.802791696723478387376e-01
2.808436652739543237800e-01
2.807601634403669721429e-01
2.798854619810325350393e-01
2.825875957894770085232e-01
2.838069886986760437253e-01
2.849215749818757026368e-01
2.868808385718547016019e-01
2.886337591605063757072e-01
2.887321784627775445031e-01
2.938529510494770624618e-01
2.935703908595094779876e-01
3.067833076291052174511e-01
2.980384866786784936465e-01
2.997621842678716563846e-01
-4.861068131988338647531e-02
-4.861068131988338647531e-02
-4.861068131988338647531e-02
-4.861068131988338647531e-02
3.089200738412370417230e-01
3.054282593132886525211e-01
2.992849076481428061136e-01
2.969135324803943709604e-01
2.936970456426741815648e-01
2.879734182908867401451e-01
2.905156163800270974207e-01
2.833569935744800760702e-01
2.835399302232661788992e-01
2.822165220178471378709e-01
2.856691487354243164098e-01
2.826419615134355134423e-01
2.838216925049548144955e-01
2.827869021986312847439e-01
2.816090561628692978680e-01
2.833471611123371536323e-01
2.821768119945216590772e-01
2.868336108865728317774e-01
2.850364971560135907147e-01
2.847722496181810392102e-01
2.905048503958158057081e-01
2.938063975611747702388e-01
3.008937841006973923363e-01
3.007642129557899224324e-01
3.102442965133073160544e-01
3.181924064964623544149e-01
3.087509460886090906229e-01
-4.861068131988338647531e-02
-4.861068131988338647531e-02
-4.861068131988338647531e-02
-4.861068131988338647531e-02
-4.861068131988338647531e-02
-4.861068131988338647531e-02
-4.861068131988338647531e-02
-4.861068131988338647531e-02
-4.861068131988338647531e-02
-4.861068131988338647531e-02
-4.861068131988338647531e-02
-4.861068131988338647531e-02
-4.861068131988338647531e-02
-4.861068131988338647531e-02
-4.861068131988338647531e-02
-4.861068131988338647531e-02
-4.861068131988338647531e-02
-4.861068131988338647531e-02
-4.861068131988338647531e-02
-4.861068131988338647531e-02
-4.861068131988338647531e-02
-4.861068131988338647531e-02
-4.861068131988338647531e-02

