381
0.000000000000000000000e+00
0.000000000000000000000e+00
0.000000000000000000000e+00
0.000000000000000000000e+00
0.000000000000000000000e+00
0.000000000000000000000e+00
0.000000000000000000000e+00
0.000000000000000000000e+00
0.000000000000000000000e+00
0.000000000000000000000e+00
0.000000000000000000000e+00
0.000000000000000000000e+00
0.000000000000000000000e+00
0.000000000000000000000e+00
0.000000000000000000000e+00
0.000000000000000000000e+00
0.000000000000000000000e+00
0.000000000000000000000e+00
0.000000000000000000000e+00
0.000000000000000000000e+00
0.000000000000000000000e+00
0.000000000000000000000e+00
0.000000000000000000000e+00
0.000000000000000000000e+00
0.000000000000000000000e+00
-3.425101788550373171915e-01
-3.427386164280374347690e-01
-3.421426114422205788657e-01
-3.397991128128752258419e-01
-3.399662801989702387573e-01
-3.382808230851917508097e-01
-3.375875856271974839729e-01
-3.371168920742856900397e-01
-3.355397543425621131874e-01
-3.342131012430579750649e-01
-3.349998797355995816538e-01
-3.368128421359957713754e-01
-3.368930036520222381924e-01
-3.368712160155921120364e-01
-3.374802367462001462250e-01
-3.381660361413406645781e-01
-3.381644376027897469505e-01
-3.386540110848884621575e-01
-3.375130932096849223356e-01
-3.389392592656937375217e-01
-3.386436098526029447875e-01
-3.391033553271260436723e-01
-3.378991805775082846175e-01
-3.346607591653281699173e-01
0.000000000000000000000e+00
0.000000000000000000000e+00
0.000000000000000000000e+00
0.000000000000000000000e+00
-3.398337331037115660592e-01
-3.419739317072514883655e-01
-3.408955988540057213676e-01
-3.404497677441380432128e-01
-3.381269940106860771856e-01
-3.390926441001204660886e-01
-3.393433787388602795865e-01
-3.384809268516454916487e-01
-3.373586818534035636219e-01
-3.379339999836630248353e-01
-3.371899917744850538881e-01
-3.369803216285006119968e-01
-3.370799702037506895280e-01
-3.370763422956933874630e-01
-3.375982356481211921206e-01
-3.372114806317297319715e-01
-3.374510529260379421146e-01
-3.372956783463544327972e-01
-3.377799447523515130598e-01
-3.384037409981139887805e-01
-3.376746189576330658966e-01
-3.383643390989534704971e-01
-3.381446763092430529696e-01
-3.385247414263559129211e-01
-3.389151560895369841298e-01
-3.372646890569357958078e-01
-3.377634518390488782558e-01
-3.386892118566367515520e-01
0.000000000000000000000e+00
0.000000000000000000000e+00
0.000000000000000000000e+00
0.000000000000000000000e+00
0.000000000000000000000e+00
-3.371280861644747606221e-01
-3.392864262099322125721e-01
-3.389292134463087746710e-01
-3.382063955261905840999e-01
-3.381634517475523016294e-01
-3.377869030280503670483e-01
-3.373187620979894441042e-01
-3.368935322596793846550e-01
-3.367992704575417661772e-01
-3.374134742354918947704e-01
-3.366673162749906911273e-01
-3.363324526520208301861e-01
-3.363081471339030570356e-01
-3.363493396118386602467e-01
-3.367255335967840879086e-01
-3.367495359512021613213e-01
-3.367325592209576834435e-01
-3.371555566780160551055e-01
-3.369110590271026661746e-01
-3.366563504576544074709e-01
-3.374352420271392039020e-01
-3.371564929765176188425e-01
-3.375807937998195895624e-01
-3.378108584455392082724e-01
-3.381665820666363564406e-01
-3.377463079895616782089e-01
-3.364606036757561424722e-01
0.000000000000000000000e+00
0.000000000000000000000e+00
0.000000000000000000000e+00
0.000000000000000000000e+00
-3.331892892703262609722e-01
-3.343133066975613743033e-01
-3.356358064703158228248e-01
-3.370811528862797668005e-01
-3.356855424744758509270e-01
-3.371640264937975084436e-01
-3.364327083465501466719e-01
-3.359505924791847952804e-01
-3.368602823421755210198e-01
-3.364532067676563320546e-01
-3.362896268624450679674e-01
-3.356558890952170415289e-01
-3.357340634533994006006e-01
-3.364074043150181991813e-01
-3.361386940675108458976e-01
-3.358998461733443963162e-01
-3.359288340638637571089e-01
-3.355214868533339944712e-01
-3.362960274528028481456e-01
-3.358681734092373027956e-01
-3.359381282549322444986e-01
-3.361459924333918825035e-01
-3.356858308727910800151e-01
-3.363930112880378353601e-01
-3.358226002371597074259e-01
-3.368762923860345037674e-01
-3.359682360472924234074e-01
-3.365815331813519772908e-01
-3.361913489762681783724e-01
-3.362871104866421156920e-01
-3.368502875568753496260e-01
-3.365896483477141543084e-01
-3.373441803554648732444e-01
-3.368220575736999289340e-01
-3.352378519253197408645e-01
0.000000000000000000000e+00
0.000000000000000000000e+00
0.000000000000000000000e+00
0.000000000000000000000e+00
0.000000000000000000000e+00
0.000000000000000000000e+00
-3.329786904120133339546e-01
-3.305029718526607540596e-01
-3.337415030037099716864e-01
-3.320679372845747878706e-01
-3.345273288309866255297e-01
-3.355135172448163172199e-01
-3.334382329891617535722e-01
-3.342816043638016099138e-01
-3.336546192297752400080e-01
-3.349798182690738590495e-01
-3.347180717691502493949e-01
-3.340583039620352856502e-01
-3.336716049327270172675e-01
-3.346235921004513391708e-01
-3.347799969775809847405e-01
-3.354356735122515642544e-01
-3.341377806206545231227e-01
-3.341617353622737818242e-01
-3.351932950863658611240e-01
-3.343716880264280266744e-01
-3.339519490821478697740e-01
-3.338671252306744663407e-01
-3.352454981121064658822e-01
-3.347638859871111538524e-01
-3.348006925888477036679e-01
-3.351935682651799308651e-01
-3.340666776610596300223e-01
-3.343590267847066921370e-01
-3.343702402569849185809e-01
-3.344527914225285392114e-01
-3.354515186590975028835e-01
-3.342860708340145148298e-01
-3.354705732821440800073e-01
-3.350594128206123567537e-01
-3.351204769469453559338e-01
-3.347032492087916311085e-01
-3.352546953448485855809e-01
-3.339439968430030769575e-01
-3.347742410092742759709e-01
-3.348417628642320065246e-01
-3.353392898024041834937e-01
-3.353783452248271235163e-01
-3.339657437893647773386e-01
-3.339128286710064674736e-01
-3.343893475015582428256e-01
-3.348823773641726453398e-01
-3.344421110453606460489e-01
-3.348787298206327145422e-01
-3.343852251279885723356e-01
-3.349164770187744721852e-01
-3.339457208951143174502e-01
-3.346346167849428843155e-01
-3.352423061398275838663e-01
-3.358922025064536853733e-01
-3.355463383777472219371e-01
-3.341963125061044315167e-01
-3.358070089445114869697e-01
-3.349825085738008523251e-01
-3.352021428220572918377e-01
-3.344702658928604965816e-01
-3.355945422904324515478e-01
-3.339837599072630336394e-01
-3.332657491685748207821e-01
-3.353405742183635518394e-01
-3.344977145593324152628e-01
-3.348171213369661169956e-01
-3.359456043316337292559e-01
0.000000000000000000000e+00
0.000000000000000000000e+00
0.000000000000000000000e+00
0.000000000000000000000e+00
0.000000000000000000000e+00
-3.300773549225352043734e-01
-3.321132820833193055599e-01
-3.323567289564252069667e-01
-3.325730588920774999373e-01
-3.331906382803761501599e-01
-3.328847221451599613928e-01
-3.334349580748176555822e-01
-3.329514930823962437501e-01
-3.331113495434619986568e-01
-3.331290601617434288251e-01
-3.334969718413252071088e-01
-3.331184772546339489807e-01
-3.334018255862038482285e-01
-3.334532178071454855406e-01
-3.339013734197750493671e-01
-3.335412934502863246955e-01
-3.336190490448791567957e-01
-3.335267024296053040011e-01
-3.338640069089819917281e-01
-3.335090737198929122798e-01
-3.330211271113514004405e-01
-3.331774066629581421140e-01
-3.334327650448500324210e-01
-3.334046144282639678735e-01
-3.327953927089625785207e-01
-3.329537322725106274213e-01
-3.336144738391635389263e-01
-3.326212814847987475630e-01
-3.324946012733628331048e-01
-3.340247922657890722320e-01
0.000000000000000000000e+00
0.000000000000000000000e+00
0.000000000000000000000e+00
0.000000000000000000000e+00
0.000000000000000000000e+00
-3.305381250564305428696e-01
-3.297859700464882970472e-01
-3.311327047686835611806e-01
-3.277906008119015890401e-01
-3.316140687487870164496e-01
-3.319914666555044968632e-01
-3.318805899902484424224e-01
-3.322382938741921254433e-01
-3.326473459080434569302e-01
-3.323384949398014431843e-01
-3.325965577251878690923e-01
-3.322114645771596652679e-01
-3.327859311228120176018e-01
-3.329814077315261799939e-01
-3.327237823552900430890e-01
-3.331080920546127810411e-01
-3.326772098937950672415e-01
-3.329684659251524458945e-01
-3.325785702013356326390e-01
-3.326619745499745373074e-01
-3.321771220798004908836e-01
-3.321246566728442983774e-01
-3.327127717473501999912e-01
-3.315624091236651915793e-01
-3.323934114904141257085e-01
-3.319155102335822338233e-01
-3.308713470362001918268e-01
-3.316603322852416102506e-01
-3.300499536686835044819e-01
-3.313160829352568836903e-01
-3.279310540286359820783e-01
0.000000000000000000000e+00
0.000000000000000000000e+00
0.000000000000000000000e+00
-3.302333080167603185373e-01
-3.281912476559402658260e-01
-3.306358856146060509751e-01
-3.312648855915651391335e-01
-3.310420329670774597375e-01
-3.317607417511507783558e-01
-3.309800839044196307803e-01
-3.311529595148937632487e-01
-3.316841684460666295209e-01
-3.317184880381334188826e-01
-3.324096462468674184620e-01
-3.322520460840053813101e-01
-3.323048371901028974484e-01
-3.322135764600331886420e-01
-3.323050927994616321470e-01
-3.320610375633916699911e-01
-3.323918442735352418715e-01
-3.319471326452911319471e-01
-3.316173116584809621443e-01
-3.314067476137894652233e-01
-3.307021906851262960103e-01
-3.304686930274657874484e-01
-3.305930008889989002441e-01
-3.293320078442500964400e-01
-3.295318057584971649376e-01
-3.233715970144434015410e-01
-3.272885553469426223039e-01
-3.275217738960103930346e-01
0.000000000000000000000e+00
0.000000000000000000000e+00
0.000000000000000000000e+00
0.000000000000000000000e+00
-3.282100262915948474252e-01
-3.264434784053122373670e-01
-3.298268381170983420958e-01
-3.284954975103256402669e-01
-3.269847419040675107205e-01
-3.296786606653641094056e-01
-3.302270435444614737897e-01
-3.306964191680120679351e-01
-3.277017874361804472549e-01
-3.310566719784073241861e-01
-3.284344217447867086968e-01
-3.296157282769729413019e-01
-3.314042711925023754205e-01
-3.312333275045328262465e-01
-3.319111057934217567933e-01
-3.318780756391048192278e-01
-3.322479511519511041762e-01
-3.290203316705030411882e-01
-3.300593872266043282693e-01
-3.312182293283584821886e-01
-3.285763055628447282253e-01
-3.288384457757113632503e-01
-3.260656684221609480367e-01
-3.274388160386041413119e-01
-3.228408870164172217443e-01
-3.181924064964623544149e-01
-3.242795314478311152762e-01
0.000000000000000000000e+00
0.000000000000000000000e+00
0.000000000000000000000e+00
0.000000000000000000000e+00
0.000000000000000000000e+00
0.000000000000000000000e+00
0.000000000000000000000e+00
0.000000000000000000000e+00
0.000000000000000000000e+00
0.000000000000000000000e+00
0.000000000000000000000e+00
0.000000000000000000000e+00
0.000000000000000000000e+00
0.000000000000000000000e+00
0.000000000000000000000e+00
0.000000000000000000000e+00
0.000000000000000000000e+00
0.000000000000000000000e+00
0.000000000000000000000e+00
0.000000000000000000000e+00
0.000000000000000000000e+00
0.000000000000000000000e+00
0.000000000000000000000e+00

