381
4.861068131988338647531e-02
4.861068131988338647531e-02
4.861068131988338647531e-02
4.861068131988338647531e-02
4.861068131988338647531e-02
4.861068131988338647531e-02
4.861068131988338647531e-02
4.861068131988338647531e-02
4.861068131988338647531e-02
4.861068131988338647531e-02
4.861068131988338647531e-02
4.861068131988338647531e-02
4.861068131988338647531e-02
4.861068131988338647531e-02
4.861068131988338647531e-02
4.861068131988338647531e-02
4.861068131988338647531e-02
4.861068131988338647531e-02
4.861068131988338647531e-02
4.861068131988338647531e-02
4.861068131988338647531e-02
4.861068131988338647531e-02
4.861068131988338647531e-02
4.861068131988338647531e-02
4.861068131988338647531e-02
4.861068131988338647531e-02
4.861068131988338647531e-02
4.861068131988338647531e-02
4.861068131988338647531e-02
4.861068131988338647531e-02
4.861068131988338647531e-02
-2.897076220143651181793e-01
-2.956302416050846093576e-01
-2.895697773904825633728e-01
4.861068131988338647531e-02
-2.877731815455457087261e-01
-2.863820071555682744702e-01
-2.869820650047469889898e-01
-2.900764962356172649294e-01
-2.872460043185507405639e-01
-2.936428321175832967249e-01
-2.893310897513169943629e-01
-2.975431150910478050875e-01
4.861068131988338647531e-02
-3.016574150279057731083e-01
4.861068131988338647531e-02
4.861068131988338647531e-02
4.861068131988338647531e-02
4.861068131988338647531e-02
4.861068131988338647531e-02
4.861068131988338647531e-02
4.861068131988338647531e-02
4.861068131988338647531e-02
4.861068131988338647531e-02
4.861068131988338647531e-02
4.861068131988338647531e-02
-3.053415663443783123476e-01
-2.896392502744092878331e-01
-2.971982249497697181617e-01
-2.976946500203733747547e-01
-2.948804304812766563515e-01
-2.853239614643824362261e-01
-2.887786110823739038622e-01
-2.847406081490450602267e-01
-2.835847348745890728061e-01
-2.840070134550998770528e-01
-2.840151590228939815219e-01
-2.861981464363049787458e-01
-2.851745451035067602241e-01
-2.863703306615245636202e-01
-2.852486022362915041306e-01
-2.875859824006717357925e-01
-2.916009440266956187493e-01
-2.884637838273024224023e-01
-2.936980599995942520231e-01
-2.944783666637898478236e-01
-3.021131268464522512396e-01
-3.037486019606311371533e-01
4.861068131988338647531e-02
4.861068131988338647531e-02
4.861068131988338647531e-02
4.861068131988338647531e-02
4.861068131988338647531e-02
4.861068131988338647531e-02
4.861068131988338647531e-02
4.861068131988338647531e-02
4.861068131988338647531e-02
-3.013376749980896662784e-01
-2.952758124274323381364e-01
-2.925979108268341732924e-01
-2.900121712260768647162e-01
-2.886625188526971697023e-01
-2.855980713777483970262e-01
-2.831707416730933624116e-01
-2.830863582390933941291e-01
-2.856295928496294100896e-01
-2.822176208958113718950e-01
-2.811202381702164743160e-01
-2.810911529011190235217e-01
-2.814233062392527684459e-01
-2.825868549378647842651e-01
-2.830538913860112248955e-01
-2.824458837466355953794e-01
-2.853580739367189145206e-01
-2.852020708948576066533e-01
-2.833385327472136561155e-01
-2.884756663037224555524e-01
-2.877304180891550045018e-01
-2.915291672099277753283e-01
-2.931876029093017921312e-01
-2.994336341209866136914e-01
-2.957886231618899186557e-01
4.861068131988338647531e-02
4.861068131988338647531e-02
4.861068131988338647531e-02
4.861068131988338647531e-02
4.861068131988338647531e-02
-2.844689296828342706114e-01
4.861068131988338647531e-02
-2.857384555349702925930e-01
-2.899276346328453768386e-01
-2.819376431817694483861e-01
-2.867884443661524729308e-01
-2.849755106409885274665e-01
-2.812800723570786920469e-01
-2.843383352815261888580e-01
-2.822909133165962258794e-01
-2.830052124064415530746e-01
-2.798202984118441927208e-01
-2.803096566313025284067e-01
-2.814742396164185422869e-01
-2.809507359595472819613e-01
-2.801280330882242597390e-01
-2.802042514367546477416e-01
-2.795772621879337727080e-01
-2.816553837451777897449e-01
-2.804922033682970550217e-01
-2.803519583663600100998e-01
-2.817164810501000538068e-01
-2.804903748271052044139e-01
-2.831025547695418254079e-01
-2.813307834889869352146e-01
-2.866526265949176921488e-01
-2.822779527952917200118e-01
-2.845572285289568736921e-01
-2.835812233245834090845e-01
-2.848004786973177826503e-01
-2.874954936344535361137e-01
-2.855580469073611404873e-01
-2.896114211531163884494e-01
-2.916140083201607113850e-01
-2.878303306757131752036e-01
4.861068131988338647531e-02
4.861068131988338647531e-02
4.861068131988338647531e-02
4.861068131988338647531e-02
4.861068131988338647531e-02
4.861068131988338647531e-02
-2.814563014642260663223e-01
-2.814500906475361774461e-01
-2.811786239808383158767e-01
-2.817654964669964456903e-01
-2.822538033667535972704e-01
-2.827120866691680278748e-01
-2.813705842441005522403e-01
-2.802065424111251368267e-01
-2.806127490274697988681e-01
-2.807273991517717504074e-01
-2.811174867199513482952e-01
-2.807337319399350050730e-01
-2.799913367126639629490e-01
-2.793622940406644272748e-01
-2.799169148947587837384e-01
-2.806083686355975159721e-01
-2.797467899632307131164e-01
-2.792500722550886882445e-01
-2.797586915416019892611e-01
-2.788836347636832746488e-01
-2.788855952744584421055e-01
-2.792005540944144104110e-01
-2.794339365094523075506e-01
-2.790660958190309126614e-01
-2.788743411833062291194e-01
-2.791639455494078214670e-01
-2.794193897503605139576e-01
-2.787345840200872171266e-01
-2.787461480097159216562e-01
-2.791803392532711258767e-01
-2.796878058849485704229e-01
-2.788966744513698414742e-01
-2.794341139345052904552e-01
-2.792037692752016853071e-01
-2.790827649740993954275e-01
-2.789480086811674808267e-01
-2.797478934099886238585e-01
-2.788044995978164464212e-01
-2.788328277677562527792e-01
-2.793498974254168265574e-01
-2.803209126963899233687e-01
-2.809360641151691928563e-01
-2.800881769744876792494e-01
-2.810515488825958696495e-01
-2.802843504979763422646e-01
-2.798146914317770073133e-01
-2.796706255837314580859e-01
-2.803827813452648975989e-01
-2.811264459392610048916e-01
-2.810748103634289618569e-01
-2.822738591289155052344e-01
-2.819542127071533732519e-01
-2.819721148156769108262e-01
-2.832055360583648484507e-01
-2.818036274491474424408e-01
-2.831660782999033676433e-01
-2.840951505205990268443e-01
-2.827694921206999612018e-01
-2.837463475431337700527e-01
-2.842059347346021502823e-01
-2.831448883984218345411e-01
-2.853152127850496766470e-01
-2.875562412653710486765e-01
-2.844521614009531407241e-01
-2.849664023883257679692e-01
-2.851563600885340665769e-01
-2.855067606329796392473e-01
4.861068131988338647531e-02
4.861068131988338647531e-02
4.861068131988338647531e-02
4.861068131988338647531e-02
4.861068131988338647531e-02
-2.851135785008875878077e-01
-2.854942992356262476683e-01
-2.828243400497811310679e-01
-2.836827884776398356337e-01
-2.813391606312876103146e-01
-2.827979747808154753486e-01
-2.800083103039347487417e-01
-2.815085568421736295086e-01
-2.797296283575255726461e-01
-2.802550326656659818170e-01
-2.793792698077728897665e-01
-2.804731603949981444401e-01
-2.792083731349458974869e-01
-2.792936322351374234252e-01
-2.791380895766150116444e-01
-2.791039096462692992162e-01
-2.800240062400217722072e-01
-2.796004347622917385330e-01
-2.789110135413794822057e-01
-2.811209011345535135895e-01
-2.828072175211043259857e-01
-2.811020425670453515288e-01
-2.826188025568461825721e-01
-2.843662515192953432752e-01
-2.851780118755822823751e-01
-2.895897590784037856082e-01
-2.857333027693178539863e-01
-2.879779765781367850686e-01
-2.910546661754230823860e-01
-2.868777370301602847036e-01
4.861068131988338647531e-02
4.861068131988338647531e-02
4.861068131988338647531e-02
4.861068131988338647531e-02
4.861068131988338647531e-02
-2.899611126927167381595e-01
4.861068131988338647531e-02
-2.939029745189993270138e-01
4.861068131988338647531e-02
-2.905752890833101509394e-01
-2.875656710338405086524e-01
-2.860001679025069298845e-01
-2.847071304533183577767e-01
-2.820331196888523628274e-01
-2.825336164772249691879e-01
-2.806496966934299286400e-01
-2.820468564880911910286e-01
-2.806983249884908993010e-01
-2.797596736745580070505e-01
-2.810256949670961179599e-01
-2.799194351746229214584e-01
-2.805892025658475175121e-01
-2.798374590491197189124e-01
-2.804785620053196759649e-01
-2.819476281964283237436e-01
-2.840430014842958428289e-01
-2.852928910212686464121e-01
-2.827706534174529440229e-01
-2.893089997503595078854e-01
-2.853766402225135778714e-01
-2.891256863309358826619e-01
-2.948953193859396026966e-01
-2.930380490219851585820e-01
-2.998885892415448228832e-01
-2.953284575878448725561e-01
4.861068131988338647531e-02
4.861068131988338647531e-02
4.861068131988338647531e-02
4.861068131988338647531e-02
4.861068131988338647531e-02
4.861068131988338647531e-02
4.861068131988338647531e-02
-2.918994307774071539363e-01
-2.987353961855372941336e-01
-2.850520499342316660396e-01
-2.872071080484389637988e-01
-2.893661876175023794922e-01
-2.838214002813490566268e-01
-2.827818667151442699748e-01
-2.817462420203118433903e-01
-2.832551059711524987783e-01
-2.820826907449150988683e-01
-2.813884193838260827647e-01
-2.827485064438627349048e-01
-2.818696415991002734991e-01
-2.810876777037391027747e-01
-2.848635798792970019733e-01
-2.871102009505984153925e-01
-2.891262586226863717798e-01
-2.922426947266449914764e-01
-2.956227617995732526168e-01
-2.954611452176212349485e-01
-3.043261656066186815472e-01
-3.027102236313206073959e-01
4.861068131988338647531e-02
4.861068131988338647531e-02
4.861068131988338647531e-02
4.861068131988338647531e-02
4.861068131988338647531e-02
4.861068131988338647531e-02
4.861068131988338647531e-02
4.861068131988338647531e-02
4.861068131988338647531e-02
4.861068131988338647531e-02
4.861068131988338647531e-02
4.861068131988338647531e-02
-2.924215845835737015435e-01
-2.961935302531055191899e-01
-2.853824655498882201243e-01
4.861068131988338647531e-02
-2.834609230748751929063e-01
4.861068131988338647531e-02
-2.836405381403623304770e-01
-2.848466421053607033897e-01
-2.836135750321766568760e-01
-2.826094677299731405817e-01
-2.849703936928467129519e-01
-2.833483403417594859164e-01
4.861068131988338647531e-02
-2.867889297316418839578e-01
-2.878341228202919710455e-01
4.861068131988338647531e-02
4.861068131988338647531e-02
4.861068131988338647531e-02
4.861068131988338647531e-02
4.861068131988338647531e-02
4.861068131988338647531e-02
4.861068131988338647531e-02
4.861068131988338647531e-02
4.861068131988338647531e-02
4.861068131988338647531e-02
4.861068131988338647531e-02
4.861068131988338647531e-02
4.861068131988338647531e-02
4.861068131988338647531e-02
4.861068131988338647531e-02
4.861068131988338647531e-02
4.861068131988338647531e-02
4.861068131988338647531e-02
4.861068131988338647531e-02
4.861068131988338647531e-02
4.861068131988338647531e-02
4.861068131988338647531e-02
4.861068131988338647531e-02
4.861068131988338647531e-02
4.861068131988338647531e-02
4.861068131988338647531e-02
4.861068131988338647531e-02
4.861068131988338647531e-02
4.861068131988338647531e-02
4.861068131988338647531e-02

