381
0.000000000000000000000e+00
0.000000000000000000000e+00
0.000000000000000000000e+00
0.000000000000000000000e+00
0.000000000000000000000e+00
0.000000000000000000000e+00
0.000000000000000000000e+00
0.000000000000000000000e+00
0.000000000000000000000e+00
0.000000000000000000000e+00
0.000000000000000000000e+00
0.000000000000000000000e+00
0.000000000000000000000e+00
0.000000000000000000000e+00
0.000000000000000000000e+00
0.000000000000000000000e+00
0.000000000000000000000e+00
0.000000000000000000000e+00
0.000000000000000000000e+00
0.000000000000000000000e+00
0.000000000000000000000e+00
0.000000000000000000000e+00
0.000000000000000000000e+00
0.000000000000000000000e+00
0.000000000000000000000e+00
0.000000000000000000000e+00
0.000000000000000000000e+00
0.000000000000000000000e+00
0.000000000000000000000e+00
0.000000000000000000000e+00
0.000000000000000000000e+00
-3.332619988089177698320e-01
-3.305979660153517962762e-01
-3.309465222499393122213e-01
0.000000000000000000000e+00
-3.300227432194933752108e-01
-3.329034107847150814052e-01
-3.332267166712823414088e-01
-3.300154429555519630668e-01
-3.325579284158295401141e-01
-3.297803852851474704089e-01
-3.320552336035381135737e-01
-3.300631606388563232812e-01
0.000000000000000000000e+00
-3.300784405308326840967e-01
0.000000000000000000000e+00
0.000000000000000000000e+00
0.000000000000000000000e+00
0.000000000000000000000e+00
0.000000000000000000000e+00
0.000000000000000000000e+00
0.000000000000000000000e+00
0.000000000000000000000e+00
0.000000000000000000000e+00
0.000000000000000000000e+00
0.000000000000000000000e+00
-3.358627974691399953322e-01
-3.356653738440283918365e-01
-3.350848207925852251243e-01
-3.365504015155476591481e-01
-3.335282596880115857374e-01
-3.349070383755273772053e-01
-3.346422296403744889304e-01
-3.334740043944691145761e-01
-3.341145037666565786871e-01
-3.337334247894296335168e-01
-3.344880269346127699137e-01
-3.331442927533350695235e-01
-3.339462602393701851078e-01
-3.342195475441920859971e-01
-3.335577766380883324437e-01
-3.329195552594103602040e-01
-3.320707613543205094508e-01
-3.330154316547276893701e-01
-3.322867080115478599645e-01
-3.324656215767669009686e-01
-3.309364516712909876084e-01
-3.300787405890702741473e-01
0.000000000000000000000e+00
0.000000000000000000000e+00
0.000000000000000000000e+00
0.000000000000000000000e+00
0.000000000000000000000e+00
0.000000000000000000000e+00
0.000000000000000000000e+00
0.000000000000000000000e+00
0.000000000000000000000e+00
-3.360958582991410703578e-01
-3.374270091629872347916e-01
-3.376925169023945461078e-01
-3.366379871297179859901e-01
-3.372045164543345241448e-01
-3.363033956944900815245e-01
-3.351904366283557368256e-01
-3.357422315496006448576e-01
-3.356182160406685488496e-01
-3.344069215241687320628e-01
-3.349529220026619125150e-01
-3.346317451445668944565e-01
-3.343391005058887199830e-01
-3.340651597214529533453e-01
-3.338567225898934065498e-01
-3.347725421069130957719e-01
-3.334223199808264426203e-01
-3.335780898358621238131e-01
-3.338146614072511342286e-01
-3.332117092289406112826e-01
-3.335006455721715168394e-01
-3.334659341524218167940e-01
-3.329550402385615948120e-01
-3.317811156748385337245e-01
-3.323844873543114752934e-01
0.000000000000000000000e+00
0.000000000000000000000e+00
0.000000000000000000000e+00
0.000000000000000000000e+00
0.000000000000000000000e+00
-3.353196978759160340466e-01
0.000000000000000000000e+00
-3.372462950073302212495e-01
-3.375159123742582090166e-01
-3.368220025969413389255e-01
-3.374409952265188250564e-01
-3.374944537417628454001e-01
-3.362515974739879731636e-01
-3.366288507709337407547e-01
-3.360745943596182283564e-01
-3.367644568831111295815e-01
-3.355564006075165695009e-01
-3.359093529540351785734e-01
-3.353278428082808182431e-01
-3.356566548303590580282e-01
-3.349699955068812795567e-01
-3.352596690466742579417e-01
-3.349991271737891018745e-01
-3.341929485812798472644e-01
-3.345257689599863137886e-01
-3.346846296230077677514e-01
-3.341636540596339965958e-01
-3.344767470206786996734e-01
-3.339236081746081996613e-01
-3.342545775702924770734e-01
-3.338008051371962880971e-01
-3.340987297239807474192e-01
-3.338010985941476937988e-01
-3.339829233692616639040e-01
-3.340929652746801870045e-01
-3.339614659655785744441e-01
-3.340021134733785479476e-01
-3.338403676350601423373e-01
-3.326309651119220278659e-01
-3.322812588152587176538e-01
0.000000000000000000000e+00
0.000000000000000000000e+00
0.000000000000000000000e+00
0.000000000000000000000e+00
0.000000000000000000000e+00
0.000000000000000000000e+00
-3.359668530382952100766e-01
-3.334152230722612908487e-01
-3.363322321466676867452e-01
-3.346884247315449201210e-01
-3.368032691477998441520e-01
-3.372290573213195807867e-01
-3.364954668674835502884e-01
-3.364691128570879707915e-01
-3.364496105520703439495e-01
-3.366276558729158208116e-01
-3.368143953050097283430e-01
-3.365716416744162220454e-01
-3.363599833262690408375e-01
-3.361643078919455684961e-01
-3.363551552217248774568e-01
-3.363788422736715966188e-01
-3.363287119208148712168e-01
-3.361776527380554435709e-01
-3.361139325741530625713e-01
-3.359508740861044673309e-01
-3.359854207869097386663e-01
-3.361695365635964383166e-01
-3.358383206710537360884e-01
-3.359368787461599059618e-01
-3.356829529229589104133e-01
-3.355671229986029180381e-01
-3.351315480127279311517e-01
-3.357568469744141026467e-01
-3.355481415150869950459e-01
-3.351033782380729020289e-01
-3.348205735394003124128e-01
-3.353761444967478522194e-01
-3.352862219658725995153e-01
-3.350550535761966375325e-01
-3.352722285941354685157e-01
-3.352389704871523989915e-01
-3.347322872491034218001e-01
-3.357987103843638743150e-01
-3.354629260747317709423e-01
-3.349326423125299490025e-01
-3.345101323856964903314e-01
-3.343454569932076680949e-01
-3.348718395201390474192e-01
-3.345373200438940264334e-01
-3.346303211016972700698e-01
-3.347073956489778345791e-01
-3.348537988409233667753e-01
-3.345111726923103989684e-01
-3.343675643084942916694e-01
-3.343225863159883237685e-01
-3.341523133461049011039e-01
-3.341316213586150718484e-01
-3.341471902223726586634e-01
-3.340546299097743032647e-01
-3.341838882630844276278e-01
-3.338966899606451432803e-01
-3.340528416138309197869e-01
-3.340073937198491660361e-01
-3.339597781305608803493e-01
-3.337376015687414931854e-01
-3.340590613559930033283e-01
-3.323848494664244368479e-01
-3.314587562119722941034e-01
-3.337404010164429224439e-01
-3.325691603734911017121e-01
-3.335585995530634395578e-01
-3.337050095191732568267e-01
0.000000000000000000000e+00
0.000000000000000000000e+00
0.000000000000000000000e+00
0.000000000000000000000e+00
0.000000000000000000000e+00
-3.336738330517243777962e-01
-3.361314485757737613447e-01
-3.358387284839213227094e-01
-3.367428779171510733192e-01
-3.365147660252150174642e-01
-3.365464403795669356967e-01
-3.363874536113940494353e-01
-3.366102687072313748295e-01
-3.363793128455957459622e-01
-3.364936430879693629592e-01
-3.362436204858549326779e-01
-3.354333696597280312091e-01
-3.359873858444520355881e-01
-3.357571879561841998729e-01
-3.354120254457054750574e-01
-3.360723506088820755622e-01
-3.351304933925197682143e-01
-3.354431300564735818348e-01
-3.356577495727190996178e-01
-3.347436948640795661980e-01
-3.345017205001689641897e-01
-3.350502292268580650791e-01
-3.342628719365394185381e-01
-3.337791102791460295940e-01
-3.338783678107890007247e-01
-3.323649690804126866084e-01
-3.334250725111560509362e-01
-3.332260202844580798676e-01
-3.303209653203001971988e-01
-3.329913324209621272587e-01
0.000000000000000000000e+00
0.000000000000000000000e+00
0.000000000000000000000e+00
0.000000000000000000000e+00
0.000000000000000000000e+00
-3.341089831277271882115e-01
0.000000000000000000000e+00
-3.350200622373341041715e-01
0.000000000000000000000e+00
-3.369617259314397483827e-01
-3.366265616453172904166e-01
-3.374319208516335377723e-01
-3.370481362508890854635e-01
-3.368082168223469619051e-01
-3.370668837375259130340e-01
-3.367428687380913943095e-01
-3.371655770209653346647e-01
-3.366777739604174257693e-01
-3.363275409287922457224e-01
-3.357887864178630832335e-01
-3.357834233761193276635e-01
-3.361829841166120713680e-01
-3.361310627376923321208e-01
-3.365926263618767566577e-01
-3.353844634043273154056e-01
-3.353642937146992242248e-01
-3.347228076754327208420e-01
-3.348834722180010214920e-01
-3.338801766442158758252e-01
-3.342076670175102015570e-01
-3.334487831341768626636e-01
-3.325768134189559521730e-01
-3.321929993703566230678e-01
-3.299771525562142926447e-01
-3.296092729412570809799e-01
0.000000000000000000000e+00
0.000000000000000000000e+00
0.000000000000000000000e+00
0.000000000000000000000e+00
0.000000000000000000000e+00
0.000000000000000000000e+00
0.000000000000000000000e+00
-3.374052681277673326754e-01
-3.352691943345684211231e-01
-3.376427398442492511244e-01
-3.379522480186379906897e-01
-3.378568364188928030423e-01
-3.377343085688038204495e-01
-3.377129482012055650131e-01
-3.362827682699613962569e-01
-3.365290122386715432334e-01
-3.368672283165100589386e-01
-3.370985584527192990834e-01
-3.359060424291008262188e-01
-3.373472684382560760064e-01
-3.366941223168590235915e-01
-3.361320492739311438513e-01
-3.354245401792474434721e-01
-3.345245619262140479577e-01
-3.344631444180756751905e-01
-3.331409453173950208082e-01
-3.328306800862852465883e-01
-3.297479622429163037545e-01
-3.303108297721055741647e-01
0.000000000000000000000e+00
0.000000000000000000000e+00
0.000000000000000000000e+00
0.000000000000000000000e+00
0.000000000000000000000e+00
0.000000000000000000000e+00
0.000000000000000000000e+00
0.000000000000000000000e+00
0.000000000000000000000e+00
0.000000000000000000000e+00
0.000000000000000000000e+00
0.000000000000000000000e+00
-3.362476401981290274890e-01
-3.360932006685484751962e-01
-3.377797958728534499784e-01
0.000000000000000000000e+00
-3.376832426801679720718e-01
0.000000000000000000000e+00
-3.359140614562182158842e-01
-3.353122587852289671062e-01
-3.362081134252836722709e-01
-3.374558555487713884524e-01
-3.362708311703568320183e-01
-3.367658809245853701597e-01
0.000000000000000000000e+00
-3.343650420091946462442e-01
-3.357610818094997062744e-01
0.000000000000000000000e+00
0.000000000000000000000e+00
0.000000000000000000000e+00
0.000000000000000000000e+00
0.000000000000000000000e+00
0.000000000000000000000e+00
0.000000000000000000000e+00
0.000000000000000000000e+00
0.000000000000000000000e+00
0.000000000000000000000e+00
0.000000000000000000000e+00
0.000000000000000000000e+00
0.000000000000000000000e+00
0.000000000000000000000e+00
0.000000000000000000000e+00
0.000000000000000000000e+00
0.000000000000000000000e+00
0.000000000000000000000e+00
0.000000000000000000000e+00
0.000000000000000000000e+00
0.000000000000000000000e+00
0.000000000000000000000e+00
0.000000000000000000000e+00
0.000000000000000000000e+00
0.000000000000000000000e+00
0.000000000000000000000e+00
0.000000000000000000000e+00
0.000000000000000000000e+00
0.000000000000000000000e+00
0.000000000000000000000e+00

