381
9.525519037691038137794e-01
9.525519037691038137794e-01
9.525519037691038137794e-01
9.525519037691038137794e-01
9.525519037691038137794e-01
9.525519037691038137794e-01
9.525519037691038137794e-01
9.525519037691038137794e-01
9.525519037691038137794e-01
9.525519037691038137794e-01
9.525519037691038137794e-01
9.525519037691038137794e-01
9.525519037691038137794e-01
9.525519037691038137794e-01
9.525519037691038137794e-01
9.525519037691038137794e-01
9.525519037691038137794e-01
9.525519037691038137794e-01
9.525519037691038137794e-01
9.525519037691038137794e-01
9.525519037691038137794e-01
9.525519037691038137794e-01
9.525519037691038137794e-01
9.525519037691038137794e-01
9.525519037691038137794e-01
1.375552590447706169385e+00
1.381513846174929893706e+00
1.367160384472866807570e+00
1.366152085651812342348e+00
1.353807523397863477044e+00
1.349760349683295945766e+00
1.336752988109609852074e+00
1.341774443565603602835e+00
1.336557082882352087694e+00
1.334310020602916591059e+00
1.334758334715262728665e+00
1.333039759952824310218e+00
1.333796146009504246521e+00
1.337114905240535112085e+00
1.333851185728095023464e+00
1.340633901700655661315e+00
1.335938716152843097618e+00
1.344240696568086868012e+00
1.353111218803830562152e+00
1.347532547921296508520e+00
1.357432870514795997252e+00
1.359685246820251380839e+00
1.371538257926321557889e+00
1.380367036124454438450e+00
9.525519037691038137794e-01
9.525519037691038137794e-01
9.525519037691038137794e-01
9.525519037691038137794e-01
1.356751255069077455317e+00
1.362736185416633327705e+00
1.354697505348830377514e+00
1.351119087659176987160e+00
1.337042972509643767864e+00
1.344077539329449066940e+00
1.344691973201351808953e+00
1.341671166760828759479e+00
1.331944255807264498870e+00
1.335955334190826571117e+00
1.330166887973782685606e+00
1.329267244268959702325e+00
1.329556134735500050326e+00
1.330069548908733301218e+00
1.332263527654014456658e+00
1.331488660569469351103e+00
1.333093026499628352965e+00
1.331395592382153658662e+00
1.333591322479491081410e+00
1.338095682215476367460e+00
1.334258681950333480515e+00
1.339798499921033059223e+00
1.340130850669306150635e+00
1.346924731161947663693e+00
1.348802191561497387795e+00
1.366190272021341245434e+00
1.351817989750244031200e+00
1.357036018478248839969e+00
9.525519037691038137794e-01
9.525519037691038137794e-01
9.525519037691038137794e-01
9.525519037691038137794e-01
9.525519037691038137794e-01
1.342737380550763415243e+00
1.346979976254532918034e+00
1.342306810524641846882e+00
1.339435193865068374208e+00
1.337511548574563224889e+00
1.335961078842729854443e+00
1.332510913497942039996e+00
1.329124346769204878527e+00
1.329137813450201655030e+00
1.332486941545784731034e+00
1.327317860989424280760e+00
1.325889470253966972990e+00
1.325564420521217812166e+00
1.325745170456713140084e+00
1.327538350646551679191e+00
1.327840745514194731314e+00
1.327907545180311732480e+00
1.330598960200360947326e+00
1.330073382268606607681e+00
1.327881296729942706136e+00
1.333972923273687438694e+00
1.332919759274095783397e+00
1.336922374619629483306e+00
1.338670255163021849398e+00
1.344297734306810099270e+00
1.340787972352537549270e+00
1.345478813008988083766e+00
9.525519037691038137794e-01
9.525519037691038137794e-01
9.525519037691038137794e-01
9.525519037691038137794e-01
1.330404858897999753609e+00
1.336288324800018578742e+00
1.332020764503261567313e+00
1.336418039942089297512e+00
1.327594221941364560635e+00
1.333696321108400972832e+00
1.331491748023742260898e+00
1.326574111697955471456e+00
1.330872488472871317811e+00
1.328055200730667628761e+00
1.329079339243077306776e+00
1.323953627672174615526e+00
1.324953889442304078017e+00
1.326650147291529080462e+00
1.325938089190019653074e+00
1.324095560788708159095e+00
1.324488267533098007078e+00
1.322917716455240588758e+00
1.325755091565285592736e+00
1.324038959815254434815e+00
1.324144285120345543305e+00
1.325529641481046683182e+00
1.323712799893455915878e+00
1.327238760032307007819e+00
1.324678827096511746220e+00
1.331487721789557987506e+00
1.325825136100355461366e+00
1.328979135472616368574e+00
1.327467947265218883857e+00
1.328814143460532948282e+00
1.332234787914772677908e+00
1.329981999411655513299e+00
1.334785868307642342501e+00
1.336527083805768345570e+00
1.332252448966954050391e+00
9.525519037691038137794e-01
9.525519037691038137794e-01
9.525519037691038137794e-01
9.525519037691038137794e-01
9.525519037691038137794e-01
9.525519037691038137794e-01
1.326029849898660240015e+00
1.326522822977920235132e+00
1.326347276173825973089e+00
1.327457590095598938262e+00
1.328139168485905186046e+00
1.328710657158300056935e+00
1.325375005833335340100e+00
1.324436676659213052432e+00
1.324298010734659580834e+00
1.325690485882391245198e+00
1.326354252458255666980e+00
1.325274941629350111683e+00
1.323161345003301958556e+00
1.323041532673685294341e+00
1.324194561189745877883e+00
1.325513265472364698994e+00
1.323386911743122507090e+00
1.322414165285174858511e+00
1.323989655757412675641e+00
1.321791799638607489698e+00
1.321307372996327611503e+00
1.321928334714812747208e+00
1.323313651446418326429e+00
1.322459734188222935103e+00
1.321910197656954721879e+00
1.322604542901216317929e+00
1.321108557005882921942e+00
1.321290980976906004329e+00
1.321038650736050312773e+00
1.321187740978958746751e+00
1.322765925296929934163e+00
1.320925086164612016759e+00
1.322976855152045772002e+00
1.321895166230086404724e+00
1.322068355695277253048e+00
1.321331855277664280024e+00
1.322483193623503083813e+00
1.320916694440271488276e+00
1.321541910130790808964e+00
1.321678374841330327882e+00
1.323076746977378537196e+00
1.323722724010685469764e+00
1.321648530789347519843e+00
1.322589517526193025887e+00
1.322114173147686200238e+00
1.322093210079711811389e+00
1.321567749833279181715e+00
1.322631715066326707486e+00
1.322990245432882350229e+00
1.323386864607918100845e+00
1.323926234401550328101e+00
1.324092052424862275828e+00
1.324673802629772190187e+00
1.326706020404616381825e+00
1.324819233000951612667e+00
1.325078491391031842994e+00
1.327512488659443601335e+00
1.325275367655003977418e+00
1.326458325043192942871e+00
1.326360433601190935704e+00
1.326288144229256893425e+00
1.328041081104554210768e+00
1.329525709070955796776e+00
1.327551514661730047706e+00
1.328544301689156492685e+00
1.327595018022111439393e+00
1.329576701855166076527e+00
9.525519037691038137794e-01
9.525519037691038137794e-01
9.525519037691038137794e-01
9.525519037691038137794e-01
9.525519037691038137794e-01
1.328310845278422247517e+00
1.328504757876510122827e+00
1.326753752682007903019e+00
1.326695007667678893881e+00
1.324583996770916538566e+00
1.326274754452630544321e+00
1.322786899713804587009e+00
1.324372491280448871365e+00
1.321806363052548949355e+00
1.322724755875022140117e+00
1.321731650966921023382e+00
1.321801271603737060190e+00
1.321008730837414546500e+00
1.320919522366175602457e+00
1.320844423634501829667e+00
1.321163669742770663262e+00
1.321446373915379668418e+00
1.321082957372068822366e+00
1.320779027516255865748e+00
1.322459874848916916434e+00
1.324004059693796309105e+00
1.322355866409736568912e+00
1.323990631450008947922e+00
1.325876956278952523149e+00
1.326411680842533691305e+00
1.331009328519083156905e+00
1.327438293045891448685e+00
1.329283940703255950666e+00
1.332330524449846009816e+00
1.328775928777473858133e+00
9.525519037691038137794e-01
9.525519037691038137794e-01
9.525519037691038137794e-01
9.525519037691038137794e-01
9.525519037691038137794e-01
1.331489825778868318906e+00
1.340909568430434850583e+00
1.334339007269679244772e+00
1.336754327435116795897e+00
1.332219070368844793251e+00
1.329962454026869300705e+00
1.328486216673173458958e+00
1.327414843612381822879e+00
1.324661286840605578519e+00
1.324999070333391815169e+00
1.322707549136535876144e+00
1.324322897800198406415e+00
1.322971051090278349349e+00
1.321604916451393441079e+00
1.322435547279780188035e+00
1.321391610722520315591e+00
1.322192175846799155892e+00
1.321480968306943504231e+00
1.322329746238521730461e+00
1.323201694354551039012e+00
1.325264610404075504846e+00
1.326303509474274333613e+00
1.323915279739289907468e+00
1.329910564831781494277e+00
1.326425843204867449643e+00
1.330043459541749850672e+00
1.334891270288130371569e+00
1.333891302697956415813e+00
1.339789777303898477001e+00
1.336113302865783669660e+00
1.342385699315999048054e+00
9.525519037691038137794e-01
9.525519037691038137794e-01
9.525519037691038137794e-01
1.346417385617115103358e+00
1.358412672778601892887e+00
1.339839847437268804953e+00
1.333367826685423640498e+00
1.338110595290515014710e+00
1.327490923194182714795e+00
1.329316481076783462711e+00
1.331364730526479300821e+00
1.326174923780105041615e+00
1.325138548166886920399e+00
1.323444704936006521834e+00
1.325330122154800172041e+00
1.324210004480563362961e+00
1.323499241617947186356e+00
1.324246562028267515387e+00
1.324135989628779652705e+00
1.322978272348605655040e+00
1.326557970900291483218e+00
1.328176552926813469568e+00
1.329657745599550189297e+00
1.332265449362969755853e+00
1.334602852941618289506e+00
1.334734210087147099344e+00
1.341586610258358458481e+00
1.341207584842174505013e+00
1.359046441166773977471e+00
1.347213636660149482793e+00
1.349537828083908763688e+00
9.525519037691038137794e-01
9.525519037691038137794e-01
9.525519037691038137794e-01
9.525519037691038137794e-01
1.361953510440593317909e+00
1.357206114722772527514e+00
1.348893878914290134219e+00
1.345698935168244902982e+00
1.341377465955912118289e+00
1.333721851045902351274e+00
1.337116749611027666234e+00
1.327579014408718061091e+00
1.327821899480225775747e+00
1.326065811350141343539e+00
1.330652134474563874633e+00
1.326630092145196337938e+00
1.328196082321129400938e+00
1.326822388755217740908e+00
1.325260516267689370196e+00
1.327565961102490144086e+00
1.326013154291354911862e+00
1.332202531035370451917e+00
1.329810561539335633796e+00
1.329459208796758051818e+00
1.337102354310702789775e+00
1.341524156175530224644e+00
1.351065829244436633516e+00
1.350890781438913279544e+00
1.363758234822170622991e+00
1.374640725590319911831e+00
1.361723185781883671552e+00
9.525519037691038137794e-01
9.525519037691038137794e-01
9.525519037691038137794e-01
9.525519037691038137794e-01
9.525519037691038137794e-01
9.525519037691038137794e-01
9.525519037691038137794e-01
9.525519037691038137794e-01
9.525519037691038137794e-01
9.525519037691038137794e-01
9.525519037691038137794e-01
9.525519037691038137794e-01
9.525519037691038137794e-01
9.525519037691038137794e-01
9.525519037691038137794e-01
9.525519037691038137794e-01
9.525519037691038137794e-01
9.525519037691038137794e-01
9.525519037691038137794e-01
9.525519037691038137794e-01
9.525519037691038137794e-01
9.525519037691038137794e-01
9.525519037691038137794e-01

