381
-1.193055029997141192055e+00 -1.409010793348445700346e+00 4.698178339768298017454e-01 
-1.328352794005856818416e+00 -1.279282940539435697858e+00 4.778436252564055575220e-01 
-1.364139222747896562637e+00 -1.157165918030687024043e+00 6.553714493365864202090e-01 
-1.496186059106047849809e+00 -9.962660352042277400741e-01 6.311115441280872317975e-01 
-1.533080610055980175233e+00 -8.314213830811497674134e-01 7.666960573280574564592e-01 
-1.412526868627040244064e+00 -9.950782955126702411519e-01 8.025008091602549020749e-01 
-1.597172969355987071083e+00 -6.566505326840030853930e-01 8.045303607577344306989e-01 
-1.467231814871561068614e+00 -7.640368475918750679199e-01 9.449333386261443701315e-01 
-1.502385197314519915679e+00 -5.934550492589256709408e-01 1.009985317168459628689e+00 
-1.627481141617471482874e+00 -4.908668827005995272117e-01 8.601019443321030744087e-01 
-1.551090116339382429800e+00 -4.049777495018081485689e-01 1.029336189444103766277e+00 
-1.610070705112224942468e+00 -2.029403751970563218876e-01 9.979519257714155600070e-01 
-1.609776964717896330370e+00 1.994796886896435528236e-01 9.991228628954975654608e-01 
-1.630976111440396003616e+00 5.720424311053949086026e-03 9.845327410264438361409e-01 
-1.484384644112422657614e+00 5.737199828775813026382e-01 1.047314722071049475360e+00 
-1.616971832350823312652e+00 4.781405809682425789298e-01 8.866815638728190451801e-01 
-1.545538257687744998492e+00 3.835598272648981232891e-01 1.045759948759096058524e+00 
-1.569848978894444746501e+00 6.510095384407068586086e-01 8.609188590220703263256e-01 
-1.464377686373236731043e+00 1.019062990883654151730e+00 6.682283515086763214796e-01 
-1.396538063024788334232e+00 9.911599926206943189655e-01 8.346878608484092909592e-01 
-1.500317876002239092514e+00 8.239803903137955520819e-01 8.363749785969399885843e-01 
-1.336578498093555777970e+00 1.174763603044825188704e+00 6.803740977518846211325e-01 
-1.343803228616257561256e+00 1.255525882593659492414e+00 4.972606543800846545800e-01 
-1.227738766949923565619e+00 -1.297977553803579375824e+00 6.613110519618837779277e-01 
-1.084155906680016157040e+00 -1.407164900167269472320e+00 6.884137064619256785036e-01 
-1.616575586488079085967e+00 -1.856549397980941318309e+00 1.228204959433443210770e+00 
-1.845414670476076324235e+00 -1.672466034591272965315e+00 1.196504946008334568930e+00 
-1.768699970339195237656e+00 -1.542321553409912837651e+00 1.403372619191835424246e+00 
-1.956314968425372224914e+00 -1.320825381776995488536e+00 1.376131585166068260762e+00 
-1.792907737381611799066e+00 -1.249612731089782213800e+00 1.598477121878855822246e+00 
-1.926278154482920612622e+00 -1.029659158246590155983e+00 1.586400484023340773376e+00 
-1.879772816938057422576e+00 -5.768368406525926639361e-01 1.811449038986904458426e+00 
-1.984046781241795009976e+00 -7.459517679029826764392e-01 1.645766982117951027220e+00 
-2.071698006046885254250e+00 -4.387725656343806068804e-01 1.631283344670665602649e+00 
-2.131115394683309016699e+00 -1.613915173741891639914e-01 1.598071611971404903940e+00 
-2.128449596389859532763e+00 1.035028407389149696094e-01 1.607889525419661902461e+00 
-1.954334036542580310680e+00 -3.025533933975760314539e-02 1.813185896292201837454e+00 
-1.935106171266159913458e+00 -2.819033920089928924035e-01 1.814371301564449368016e+00 
-2.074466444859480507290e+00 3.613081757364999813120e-01 1.648499454220003990201e+00 
-1.922414959536552503394e+00 2.296442874051020099913e-01 1.835271142715772629828e+00 
-1.982738870601345126943e+00 6.484350306399482288811e-01 1.684480814851259999898e+00 
-1.858711873650431778415e+00 5.055514802922198569490e-01 1.851630871634428521233e+00 
-1.886725246634637809251e+00 9.202513080144654189496e-01 1.679683772335897939953e+00 
-2.030373967692999048751e+00 1.057964781696490996765e+00 1.442890139205212252094e+00 
-1.787128354492437454226e+00 1.158492255338256393671e+00 1.651497444660293023588e+00 
-1.913877971880285411288e+00 1.294262982814362805684e+00 1.425640358535078977553e+00 
-1.748267927456145010012e+00 1.512423240292179338340e+00 1.432170058943731838497e+00 
-1.815498998641166705781e+00 1.654731738121417494725e+00 1.220776405657019170192e+00 
-1.716645529973757744457e+00 1.893331451207960647309e+00 1.044067410641630999635e+00 
-1.060741045876975707785e+00 1.477340391812958841911e+00 5.671986581492671763982e-01 
-1.212562257276755817159e+00 1.366667166919407927494e+00 5.397537814494248742392e-01 
-9.097894315142022181320e-01 -1.527506476600445806113e+00 6.844177611264424809789e-01 
-9.473058924270578717852e-01 -1.423171341175251125577e+00 8.406041858847649317354e-01 
-1.289970476722163583716e+00 -1.923031198427331389667e+00 1.414575219486897017518e+00 
-1.530048737881126719174e+00 -1.745028933749602106928e+00 1.428994235209017693577e+00 
-1.618528759851518339374e+00 -1.464026181202567444828e+00 1.605557011843650183636e+00 
-1.398044512668154659707e+00 -1.638329025140821570972e+00 1.632005117065340016325e+00 
-1.511345618768449083902e+00 -9.600600077345129435002e-01 1.986165865059591917330e+00 
-1.643852708722468802804e+00 -1.126722097300641989293e+00 1.804002027271552677234e+00 
-1.480832538841639456351e+00 -1.333592275922468539662e+00 1.805949236461627416261e+00 
-1.783255613664529670714e+00 -8.964492020124240623247e-01 1.793517305022363839129e+00 
-1.500297475031911353938e+00 -6.013598399707384967172e-01 2.117492817365647983507e+00 
-1.666656914730083594023e+00 -7.257752892636329944409e-01 1.958216427744487342366e+00 
-1.466233277016152136696e+00 4.614614815142281112337e-01 2.171310451754101755739e+00 
-1.515809168907278126071e+00 -8.429661752021262721701e-02 2.182434940720308080842e+00 
-1.528167619966984691615e+00 1.849671163919457961278e-01 2.168264041298776589883e+00 
-1.506931811652941988200e+00 -3.458857661686434159520e-01 2.164684635582614813387e+00 
-1.703570779469916862681e+00 3.587678416157828453770e-01 2.017135757361682824040e+00 
-1.734492350118743253518e+00 -1.739234693200928660861e-01 2.013140612848377308808e+00 
-1.728484954220752545240e+00 -4.327062080576926095254e-01 1.983343936322838452213e+00 
-1.744712893488432170486e+00 7.996663371688111920932e-02 2.009984863237959107352e+00 
-1.616411611677068815851e+00 6.340113634347938065261e-01 2.024624991014752684038e+00 
-1.747147484636574654715e+00 7.882213283300465445080e-01 1.867667803317418995235e+00 
-1.471324470653331717429e+00 8.837848878016453246786e-01 2.043309446850743338331e+00 
-1.622444416140081280275e+00 1.035552187221389974781e+00 1.864281595049275042086e+00 
-1.474063116419215058173e+00 1.228127626033392649774e+00 1.871534998510208769318e+00 
-1.448272448188935745961e+00 1.522043083689495368560e+00 1.686035792286906920268e+00 
-1.639108017870990252618e+00 1.361975734747454147566e+00 1.653909432694112613405e+00 
-1.563170011025799777116e+00 1.851737519753624328089e+00 1.262327656367110639835e+00 
-1.315902805514081563842e+00 1.846185080833211422657e+00 1.472972492410704159482e+00 
-1.543174852488597093014e+00 1.685106492322951954321e+00 1.464655080886631877135e+00 
-1.015140591592717633773e+00 1.431883962646641084149e+00 7.406877981394832666240e-01 
-9.023308049891419768684e-01 1.421283752158556401568e+00 8.917242464542044499964e-01 
-8.476152048080481948844e-01 1.548652592366474678443e+00 7.159917110074558443955e-01 
-7.519151965636625689626e-01 -1.559541330446971407753e+00 7.949055876649093743680e-01 
-7.448697430845645506281e-01 -1.473255566403192107217e+00 9.508457390111817453260e-01 
-9.577054666690729689549e-01 -1.964305502674316361578e+00 1.560794292592357024319e+00 
-1.175730797751557421549e+00 -1.802524244086409099808e+00 1.620488712216735294191e+00 
-1.268320567501266316057e+00 -1.502767674106319617522e+00 1.827622102634374856578e+00 
-1.046876475547864338012e+00 -1.669153294339957627201e+00 1.815027129052334764481e+00 
-1.345709738006048317160e+00 -1.180396419865109347569e+00 1.987832528983926039245e+00 
-1.128315877312667137033e+00 -1.365235984667216850852e+00 2.000550425234116413975e+00 
-1.163396965161081153539e+00 -1.078918048995759715325e+00 2.141211031955899901646e+00 
-1.251710360940068822444e+00 -6.104031205046488439692e-01 2.264269268327451456457e+00 
-1.085495284559784945344e+00 -8.499117167774067338470e-01 2.272835095086241707918e+00 
-1.346618324112195175246e+00 -8.448498692866375225918e-01 2.138909438263287832171e+00 
-1.284756124227189211240e+00 -8.755561488873325748372e-02 2.321384615260545292159e+00 
-1.028877361079836960656e+00 -3.213826722264747637325e-01 2.422819866017971612848e+00 
-1.044030744868911675383e+00 -5.855078880026094723110e-02 2.436196983149420791648e+00 
-1.054829284831205749029e+00 2.069681676040603934830e-01 2.423819379701858345300e+00 
-1.301800957589671403625e+00 1.801231141962225112962e-01 2.307011534496595572818e+00 
-1.241210297888694080726e+00 4.456001910421010792085e-01 2.305099053825903077097e+00 
-1.271777691196710247112e+00 -3.563299357539703726694e-01 2.304118980271449235175e+00 
-1.338463493000112691789e+00 7.215352020660290577325e-01 2.184004762272875321827e+00 
-1.130988305908176227987e+00 9.524323352226777839036e-01 2.211361324523659632746e+00 
-1.104360462138875176308e+00 6.959910347306336175777e-01 2.312803364330778599367e+00 
-1.298286592617409196393e+00 1.083221732677637216824e+00 2.063738753184162888488e+00 
-1.100817275549462959106e+00 1.254145509619203124885e+00 2.078947018374230015780e+00 
-1.085080617415238757317e+00 1.542047692221566235204e+00 1.895820326839614100578e+00 
-1.282264510574789184716e+00 1.387871976104219751136e+00 1.896776558031516124458e+00 
-1.249437370436022654019e+00 1.678097473430354868995e+00 1.688620952397034580272e+00 
-1.035087588860948093483e+00 1.820512087486446661799e+00 1.674866851401234368879e+00 
-1.063948042156732443075e+00 1.994288831568331810118e+00 1.460164225317472919130e+00 
-5.690184493941617960289e-01 1.617201886569798796600e+00 8.308408871864235711868e-01 
-7.252144100767954348896e-01 1.535527720781194371824e+00 8.635040217775780124754e-01 
-5.603111763374165610330e-01 -1.559792581767845742746e+00 9.394248267051255041338e-01 
-3.680228969089371360290e-01 -1.582726505624701296426e+00 9.944629069202892690527e-01 
-4.403177194869754562667e-01 -2.058254546496353309948e+00 1.627764381613784339109e+00 
-7.133607190912047979481e-01 -2.056739725071884627994e+00 1.550356131911718504668e+00 
-5.984582654849768257321e-01 -1.889632128892579254753e+00 1.779959378806444725285e+00 
-8.376706069397185094871e-01 -1.819367937593147077635e+00 1.769819474369610956543e+00 
-4.976053280109105081408e-01 -1.482822486560175789805e+00 2.145612286368401733228e+00 
-9.040977545001572801553e-01 -1.519285439190257491759e+00 1.997338857661506539287e+00 
-6.958334296812315189484e-01 -1.646715769060049350259e+00 1.973733546932895377424e+00 
-6.387115757942921634438e-01 -1.125071306896805234388e+00 2.316345736856388448643e+00 
-9.351870356446956300545e-01 -1.239202551247698069758e+00 2.162102811533062496352e+00 
-8.754178114455860582055e-01 -1.006251887841626668774e+00 2.296959568292415099222e+00 
-7.135397506559920666191e-01 -1.362519760546896163689e+00 2.167996422129029543413e+00 
-5.826603897609694548976e-01 -6.121418147085955219211e-01 2.509422663043056722643e+00 
-5.816750893285057566473e-01 -8.954749938592901914447e-01 2.425240165925951263404e+00 
-1.001318512499896895562e+00 -5.847897423623921175917e-01 2.386500502197153039674e+00 
-8.122901495512346858874e-01 -7.492403470773953966244e-01 2.410657769305485143008e+00 
-7.763684301501854179151e-01 -1.722673094606267107931e-01 2.525963628233547364488e+00 
-7.664022798208691700239e-01 -4.288118342862626830581e-01 2.499164788402864711969e+00 
-5.363263551386487915096e-01 -4.701763140256641493320e-02 2.590480364944999447374e+00 
-9.745261862443268530143e-01 4.506509529009886660944e-01 2.424400685162960922270e+00 
-7.329563238048590889662e-01 3.301182623936673721232e-01 2.523115857162190778240e+00 
-8.014435528602059655157e-01 9.491299769827513110876e-02 2.522322760019863441272e+00 
-8.314622773945703482212e-01 6.643482222377760093579e-01 2.428050090640395008990e+00 
-5.875726911336610625014e-01 5.247198947957472103809e-01 2.527506611474355402436e+00 
-8.862652242396330537488e-01 9.180656198823120561769e-01 2.327646960864547143188e+00 
-6.067208656308976655325e-01 8.072364113077287184339e-01 2.449358109239699210491e+00 
-8.850678254930769428555e-01 1.413368755442303559278e+00 2.076170011950327243255e+00 
-6.164952321359150611002e-01 1.044579404252020671251e+00 2.357972998791182384082e+00 
-8.855536901019094297993e-01 1.156692201330324021313e+00 2.223195894071116729407e+00 
-6.391326143163165163230e-01 1.281549217595845169271e+00 2.235581738220010716844e+00 
-4.687357176342058506791e-01 1.676629435464130679634e+00 2.008031044230187411870e+00 
-6.558024891954206125888e-01 1.803690156247136577861e+00 1.848248640184417146415e+00 
-6.764417078388017534607e-01 1.540919989658706246161e+00 2.059951619917913756552e+00 
-8.802785094445705338373e-01 1.681825258122713773190e+00 1.877015397881876435093e+00 
-7.963785918129414609368e-01 1.941119778243346027935e+00 1.656216691136744190160e+00 
-5.378562789915219966019e-01 2.033938514701180366728e+00 1.635050792079052239814e+00 
-5.808971534371973888256e-01 1.500370352112372795972e+00 1.020229298308636067816e+00 
-4.094785528242017025313e-01 1.564170670460514056543e+00 1.007530617869591083036e+00 
2.384073661748226102830e-01 -1.525217375086775462023e+00 1.116375565830588501015e+00 
1.614867958935942426901e-01 -1.650094330964737343592e+00 9.383662564087821289505e-01 
-9.142067430108811662559e-03 -1.629017512175132464947e+00 9.877443419865393758883e-01 
-1.856872270764231003248e-01 -1.594645118813842632477e+00 1.025693773131352681816e+00 
2.231983735051276118710e-01 -1.932526982506998614042e+00 1.802482343668340591947e+00 
1.022964935840719874482e-01 -2.118839898796099685541e+00 1.593331136391736180258e+00 
-2.211156105789337245060e-02 -1.916213668847534856710e+00 1.834236801027708585465e+00 
-1.513302954225559104895e-01 -2.081881636597507245767e+00 1.640561674212544618356e+00 
-3.011187206830382989686e-01 -1.908098948091753621625e+00 1.823266443450073825971e+00 
-4.508406869521516258104e-01 -1.719798940769258432937e+00 1.975075269477499118054e+00 
3.504665076328409289985e-01 -1.725924354294023244094e+00 1.981119374150193346296e+00 
5.328361591716818806974e-02 -1.513834806094804807941e+00 2.173015204284383106170e+00 
3.415843999786817297704e-01 -1.517054657949657325844e+00 2.144044343624347259691e+00 
-2.413105681595610341184e-01 -1.511291167054915840495e+00 2.165084126659438279461e+00 
-1.810208560192102245079e-01 -1.718482279277586899369e+00 2.012687883789082476937e+00 
8.659064174870258201455e-02 -1.718146347106926485893e+00 2.016405186049515574354e+00 
4.261446970978600701230e-01 -1.250370568426363515613e+00 2.293032472162636725699e+00 
-2.503170390492851990483e-02 -1.100049703860899841246e+00 2.406453750138011660198e+00 
-1.304679324501268056213e-01 -1.312348378715884278378e+00 2.296668194368092219548e+00 
-4.125923111443055013581e-01 -1.254790882378733263280e+00 2.298523242009235634242e+00 
1.745246302242428326768e-01 -1.311564874863549778894e+00 2.292324236481665167275e+00 
2.269431996286338237834e-01 -1.049443604178477817968e+00 2.417081257214731770944e+00 
-3.062602962315524868231e-01 -1.054942079036258251179e+00 2.409376739956071489246e+00 
1.557132836013106758077e-01 -7.740351574514792165616e-01 2.522926315750548820205e+00 
4.259998063404701329482e-01 -6.415479294716187608216e-01 2.527914776040993682926e+00 
4.220852856971578082046e-01 -9.063964882453133808937e-01 2.447502299525380120571e+00 
-3.397280229421575370452e-01 -8.050448554720146532304e-01 2.498224115551618496056e+00 
-7.562192026433230129800e-02 -8.468780223929478490064e-01 2.504531480049728919823e+00 
-8.362574369613935687529e-02 -5.631151745248580420267e-01 2.581800596074162790217e+00 
-3.205748830735246635015e-01 -5.334570833017506785723e-01 2.570950484204105990216e+00 
4.164729294252087488104e-01 3.488731096685780963540e-01 2.585758907938407347160e+00 
1.926399706852953974678e-01 -5.089070420307858499953e-01 2.585951061004346129835e+00 
2.062042832868611064168e-01 -2.454493880506431469080e-01 2.622557312703349463590e+00 
1.721858048011512265507e-01 2.556612076184621162867e-01 2.624335646062901705733e+00 
-4.800308483041758056409e-01 1.929057870626335602360e-01 2.594454955188216782602e+00 
2.735864896443533367254e-01 0.000000000000000000000e+00 2.627645860027570723361e+00 
-4.983886582048642210907e-01 -3.256741243659581064307e-01 2.578103207236515981293e+00 
-2.304783108567245719644e-01 8.143318547761441150712e-02 2.632465708520715264029e+00 
-2.783854401575558967785e-01 -1.966449324750717542187e-01 2.622077662038905909725e+00 
0.000000000000000000000e+00 0.000000000000000000000e+00 2.642663710555328560048e+00 
-3.336418449926812357376e-01 4.035483865085216503843e-01 2.592620104967700012111e+00 
4.698747644335130591031e-01 -3.679803408331980274504e-01 2.573536832670729079808e+00 
-5.761646383140794219768e-02 -2.964939440160085926124e-01 2.625769175915116715458e+00 
-7.559001850865490479414e-02 3.199500058208628594514e-01 2.622833019650693042735e+00 
-3.492552862597546048384e-01 6.769393232834299833911e-01 2.534147235497802963522e+00 
-3.253893057132079547067e-01 9.215029835729017237966e-01 2.460471794441625892347e+00 
4.622337575804931764090e-01 6.214348478677962361871e-01 2.527286695046509823470e+00 
4.660774458556535271292e-01 9.112855545505328391798e-01 2.439119222181004964511e+00 
2.182271765584651024295e-01 7.880309771840692256717e-01 2.514622760129558987074e+00 
-8.214286109710706995646e-02 5.870587027317294426254e-01 2.576885029347104616448e+00 
1.840860776941005139129e-01 5.400550337584356652698e-01 2.580817340709908425112e+00 
-5.500011160513315622289e-02 8.377024136886602745378e-01 2.508515152160892824895e+00 
2.266672713300470209941e-01 1.049123408325111972417e+00 2.418506725286147407417e+00 
-4.403218933161554687894e-02 1.072775454009022189084e+00 2.419219949745269993002e+00 
4.310305683043031965695e-01 1.207578513848907686423e+00 2.316697968796193496388e+00 
1.293457466194818106242e-01 1.293143972891537041292e+00 2.307363733004503369983e+00 
-1.612265969922976327489e-01 1.298003458390287079283e+00 2.303960880727713433913e+00 
-4.344057381598700473546e-01 1.413470656284818494086e+00 2.203176755684155274650e+00 
-3.581977368771607772580e-01 1.153105652276566805980e+00 2.358521938948381357903e+00 
3.392775129731759875540e-01 1.437808091534684473700e+00 2.200211511309004830395e+00 
-2.193909548140105802982e-01 1.772683155031387514100e+00 1.964336954547492908318e+00 
2.824408262127965987820e-02 1.504583282268673771753e+00 2.181937354501024550757e+00 
4.192136140177157160869e-02 1.717849491811318740631e+00 2.021188381929647892576e+00 
2.971495937786962637794e-01 1.647601974675430236417e+00 2.057677781202328137766e+00 
-2.305117413228541800585e-01 1.547197444312147895928e+00 2.142243070129672855018e+00 
1.343460784771496885348e-01 2.069729426495624302618e+00 1.659199712120670966442e+00 
3.954240174717689182415e-01 2.044958410605451248898e+00 1.652978944095484514776e+00 
-3.939186076598605312782e-02 1.930928490121832208359e+00 1.821959259605941072735e+00 
-2.040831454216827378634e-01 2.059770921596335568893e+00 1.666077329088865965900e+00 
2.357267586017891825012e-01 1.876070492865891559120e+00 1.864088658992792524316e+00 
-3.920191269222216279289e-01 1.914019849380182769494e+00 1.803869686194112809119e+00 
-2.360880007341797232057e-02 1.581711370461068133508e+00 1.061627186261654864907e+00 
-2.262681527611996867844e-01 1.571927161794145266782e+00 1.052268140046259015108e+00 
1.628763200313968761979e-01 1.598008805452196590124e+00 1.024333773516645340607e+00 
3.480180934245571400254e-01 -1.601180304766377737735e+00 9.718670463463415787331e-01 
5.347070150151936873684e-01 -1.531394669623665993896e+00 9.991693006884969641135e-01 
5.949888989146225881655e-01 -2.039157628139973255088e+00 1.595450777838047562440e+00 
7.472001758484649869274e-01 -1.806290218880816311753e+00 1.799640827829157574413e+00 
4.695250979939065150148e-01 -1.914495510447547399480e+00 1.776331952044200468421e+00 
8.282285449892787809745e-01 -1.513778984461354282232e+00 2.015685798171297893333e+00 
5.847522520024180936460e-01 -1.444568925398245662350e+00 2.142283006878017204144e+00 
6.066415267517560883093e-01 -1.681116754149437841903e+00 1.960064135208819724454e+00 
6.035529345176171567289e-01 -1.090329602514598983376e+00 2.333659345605815893521e+00 
7.734818785904785665153e-01 -1.268691262147611187316e+00 2.192714812164130222527e+00 
9.316091946497438991415e-01 -6.070697311457876610419e-01 2.398386727697487952327e+00 
8.169309198217322709468e-01 -9.410619298329616633225e-01 2.333544393337488642715e+00 
6.686353650927515657187e-01 -7.642622517854438246587e-01 2.440640937891950024152e+00 
9.878019698279861815493e-01 3.737787876674420473044e-01 2.423462624582197300072e+00 
8.245950777740277404249e-01 -2.761408990915476535655e-01 2.494803685534086934439e+00 
8.111765842004847737456e-01 -4.341171066454514726463e-02 2.513845960056891204459e+00 
5.253189920055227890572e-01 1.143449854610989746551e-01 2.586403902472241611576e+00 
7.019478980093998288226e-01 -4.991942388898329974189e-01 2.497992800096134224930e+00 
6.778002779436103075739e-01 4.686152217258024443858e-01 2.511148867296175257735e+00 
7.586046270097803745358e-01 2.273047350871600646993e-01 2.520692821095428914902e+00 
5.414011569436378845666e-01 -1.461897046868592398017e-01 2.581345059384894558008e+00 
6.868328835943271482023e-01 7.807169417774288966427e-01 2.431942048893610319737e+00 
8.688337889340165265395e-01 9.547676953970934965454e-01 2.312032330088681586489e+00 
8.960205486322735390914e-01 6.165743303562405408513e-01 2.410701852425440883110e+00 
6.594999482761920717167e-01 1.098422661648530862522e+00 2.317397730919366960478e+00 
6.277973102586182907459e-01 1.383604877619542428135e+00 2.173317025338368235765e+00 
8.522030621118104054545e-01 1.270885000233324069185e+00 2.167042465068753642754e+00 
7.354286011721135052355e-01 1.767809407422190615122e+00 1.849415583914798322240e+00 
5.681079176344312475777e-01 1.604396285123629084524e+00 2.037531752287784492239e+00 
8.401591474047797047930e-01 1.539606194660242843852e+00 1.997931067990632802989e+00 
6.441699477380038452168e-01 1.984755747276426562919e+00 1.657168732388955900703e+00 
4.784302310084773135479e-01 1.828284518953311010847e+00 1.868438414132665092993e+00 
3.540697660165615379135e-01 1.564095490097882734659e+00 1.028426184101230544954e+00 
5.250740822155163245455e-01 1.606979977743323351191e+00 8.782557012705225485405e-01 
5.503045909920099010293e-01 1.509028550806752688729e+00 1.024411151579171841419e+00 
7.748547107796991406659e-01 -1.519038835706592927011e+00 8.494361131328497238613e-01 
5.846054787685673881370e-01 -1.605435015498189788019e+00 8.427546278144532054810e-01 
8.624869093881044612715e-01 -1.934153075264628762753e+00 1.614505756319592810755e+00 
1.237899860950646857560e+00 -1.870788751416095463398e+00 1.469662296130153533724e+00 
1.094146131074126060412e+00 -1.781609348976045392732e+00 1.658479640147085154567e+00 
1.010537220671094305047e+00 -2.031503376649718806135e+00 1.414021599539829310288e+00 
1.220111274232984044374e+00 -1.521659099380787472100e+00 1.815244520602921962649e+00 
9.804956863015409362916e-01 -1.644303367018006056810e+00 1.846644297866270045816e+00 
1.250704693009290213723e+00 -1.255059533427668183592e+00 1.979915616888575424781e+00 
1.046255193931571403354e+00 -1.367919294715997713396e+00 2.020462209615619730840e+00 
9.764383574572471635733e-01 -1.136764887175897076332e+00 2.184775463242619064630e+00 
1.179750252340819871577e+00 -9.954999437731540945506e-01 2.153986849910376921713e+00 
1.224580921720434867339e+00 -5.715323952757817016490e-01 2.274197293437793199189e+00 
1.338089939558556151766e+00 -7.582496453349809595323e-01 2.156362061332283364123e+00 
1.042637702498870000412e+00 -8.083450449416756944387e-01 2.293576795692218173173e+00 
1.065513168633609009106e+00 -3.754990579064218514382e-01 2.389610923504856820898e+00 
1.250138955936410001257e+00 2.865035443674869286568e-01 2.313095635020691709371e+00 
1.030407036097791717566e+00 1.103786588016809899759e-01 2.431127525900838470818e+00 
1.316004944605191129270e+00 3.807284530289917895418e-02 2.293349088932428614385e+00 
1.115395047505312042802e+00 -1.268528880368038347370e-01 2.392707677754884354471e+00 
1.329089131139448154428e+00 -2.829645379467989330102e-01 2.268849264032424706272e+00 
1.199970603396518953332e+00 5.367408328004954487511e-01 2.296830582598517356274e+00 
1.379014640348025677596e+00 6.844275594029991527378e-01 2.157587237632194288039e+00 
1.248735863297004700101e+00 9.181928059630110050549e-01 2.152650624641342602672e+00 
1.070639577334213665694e+00 7.787981737016478334112e-01 2.293078928382807468722e+00 
1.250497548471295017336e+00 1.208979663251698033477e+00 2.012280422037605820407e+00 
1.049444200608106170236e+00 1.105830206641940316459e+00 2.171043181048048609227e+00 
1.057179646034282383127e+00 1.397323701280119845336e+00 2.001479474521485446559e+00 
1.228475669516642110324e+00 1.509523112128239308305e+00 1.827546529454761925493e+00 
1.003912661758331825723e+00 1.679067677530888591519e+00 1.813823346273096381864e+00 
1.161485539880990014439e+00 1.784381760999793842259e+00 1.626984837400385686124e+00 
8.978049467878694844813e-01 1.906155374626545384587e+00 1.643567156426903652644e+00 
1.038731924749867641111e+00 2.018652009340268005388e+00 1.433205329533891347893e+00 
7.336843096458085522471e-01 1.531434759106895526770e+00 8.636176410167485384406e-01 
9.687394771861614906072e-01 -1.491320238173674095350e+00 6.833215129434123680241e-01 
9.337416914048332072795e-01 -1.411358465693674180130e+00 8.749938585749132968772e-01 
1.481819760307657496412e+00 -1.736034132327838541698e+00 1.428899854616339171187e+00 
1.543971123496698183430e+00 -1.893572639867217466403e+00 1.188139632205180040714e+00 
1.606938404961310462582e+00 -1.439061985941645138709e+00 1.589821634775732350775e+00 
1.443207264105138110111e+00 -1.354120840862315766628e+00 1.787453100401724004342e+00 
1.368276931173804777941e+00 -1.621479331061982165352e+00 1.631190632474122326201e+00 
1.400220101120064120082e+00 -1.037520113329452708939e+00 2.002963875737136412170e+00 
1.701890272187471131460e+00 -9.074201637037785372897e-01 1.829887257561764180025e+00 
1.573111579987418906512e+00 -1.134205760467030144056e+00 1.824561709724358049556e+00 
1.543405469802197060858e+00 -7.887287044860076257180e-01 2.007676841614992824248e+00 
1.655228544957157987838e+00 -5.554250961126332430950e-01 1.993913266398180450523e+00 
1.514059059860637823647e+00 1.927607278858933792520e-01 2.162519829534849780117e+00 
1.727238304558045500769e+00 2.866330642856039223609e-01 1.990097750485920968799e+00 
1.699355414213624237973e+00 8.774992099317176566520e-03 2.031315514527999965821e+00 
1.466610894776576135001e+00 -4.678047153979608130392e-01 2.153325846644489782733e+00 
1.474134771476020233649e+00 4.375434167137752239363e-01 2.156385462339820424660e+00 
1.675843847521131690925e+00 -2.917587503402896409455e-01 2.029721337141183301611e+00 
1.507697367614923456003e+00 -1.198555974376914190493e-01 2.171075613578645313595e+00 
1.664435617840333225814e+00 5.535006751709384831273e-01 1.990556524514232039635e+00 
1.573554833953795917267e+00 7.926200453063142470356e-01 1.987936234213127262294e+00 
1.446995589294178818918e+00 1.012230644418379954530e+00 1.988354035073999437344e+00 
1.753369638681965714255e+00 9.111611273233974905850e-01 1.787513697980603444293e+00 
1.622233459852711723315e+00 1.122819622651673343583e+00 1.797858113712614835933e+00 
1.425112861522383811419e+00 1.309355276341218399239e+00 1.838669012777649713897e+00 
1.584492168082453300570e+00 1.409551430344596845146e+00 1.643766365940402929269e+00 
1.383626574216088256364e+00 1.605294283509708375135e+00 1.644371888900688416513e+00 
1.529505830303040880835e+00 1.905115217119569104298e+00 1.191292089103573648146e+00 
1.288875657792286189007e+00 1.894074325153297655433e+00 1.418174996521177400055e+00 
1.498753478702423924673e+00 1.724901609004436231487e+00 1.436475494761057403181e+00 
9.296693169074277118824e-01 1.520161427741424153837e+00 6.739767891438160907214e-01 
9.165020664416757556481e-01 1.445309529452982744147e+00 8.369736219123702358758e-01 
1.247918250720984501001e+00 -1.294926994670359432504e+00 6.287166575557266989804e-01 
1.108969465155315248239e+00 -1.414987270390157814148e+00 6.304111892118671178764e-01 
1.744634218219904608915e+00 -1.744087606067257212317e+00 1.155023517243102482155e+00 
1.921959954485067623153e+00 -1.519334380697923592152e+00 1.168643112480686863108e+00 
1.694174453781749578596e+00 -1.578102810430834113120e+00 1.384710520705815683939e+00 
1.874397021591817535935e+00 -1.350895122130220560308e+00 1.380340780714781612204e+00 
2.000991656349548453164e+00 -1.139881309444903623174e+00 1.376182043297643708968e+00 
1.865130017952472796239e+00 -1.004331642371546928771e+00 1.621068743790068822364e+00 
1.750506755140958325967e+00 -1.222024721323853091448e+00 1.610560923728335813720e+00 
1.833891470904446707735e+00 -6.849438313399123234859e-01 1.793755328590557862611e+00 
2.083708047813896513389e+00 -5.668598194223350983378e-01 1.545727887940557376822e+00 
1.890488691561492018423e+00 -4.603509571646844933390e-01 1.802201888646915994840e+00 
1.992012134505404929996e+00 -7.905180229029871163959e-01 1.577817899307656146490e+00 
2.077555195254088271639e+00 -3.380775800530365637897e-01 1.615319648267462326885e+00 
2.046141360244882800856e+00 2.027682987339647635583e-01 1.681847164071854638934e+00 
2.046084852603520687353e+00 -9.991788088243951093670e-02 1.686826546576381202769e+00 
1.863556436274004468601e+00 -2.141333572792926687178e-01 1.872582723949583582979e+00 
1.891997144482291393075e+00 4.006059142291067409758e-01 1.819227097167209317163e+00 
1.893099945869206823801e+00 7.580471024856202943987e-02 1.855712742390096314793e+00 
1.997165797136628784259e+00 7.596542573561648747926e-01 1.591637057502889751603e+00 
2.052050482095498562529e+00 4.944771440202823664656e-01 1.618074686564075159723e+00 
1.837665251188484116796e+00 6.711966589848914477301e-01 1.800646722974801994255e+00 
1.913542928572877555027e+00 1.014403340293413391393e+00 1.568665084498025219517e+00 
1.783353977759134512127e+00 1.231013631892132087486e+00 1.582087947781756209764e+00 
1.897684065416225251965e+00 1.358304489751962274013e+00 1.362101171276508981833e+00 
1.698153962274577377656e+00 1.535682530634969289451e+00 1.434425285269428806956e+00 
1.922041583565090361319e+00 1.545122173235077278619e+00 1.165203721674902270777e+00 
1.801846270632070812212e+00 1.842264535624506649469e+00 9.581022365047712208153e-01 
1.724049878955430825656e+00 1.724759709385741413001e+00 1.212442204204895901398e+00 
1.106418127801187312187e+00 1.405250747426217916569e+00 6.561476821779893553455e-01 
1.222679656880580889577e+00 -1.391229758117620729507e+00 4.460434219613011452843e-01 
1.377042731706321632146e+00 -1.229200074189530589308e+00 4.714244479912131913224e-01 
1.501263587884038575027e+00 -1.006900250067181756819e+00 6.014815405353406418953e-01 
1.379549367468196230391e+00 -1.143616329693029287640e+00 6.468429103531394552817e-01 
1.471501664354664562495e+00 -9.238685889019710995029e-01 7.813899153036910627534e-01 
1.502950979864396963137e+00 -6.608431098115278290450e-01 9.663566907906490088820e-01 
1.551577044103896518834e+00 -7.817845855998355464322e-01 7.815638524297837674837e-01 
1.584705532236953651193e+00 -4.885456619639234054908e-01 9.377910373694141599188e-01 
1.621845395766209563249e+00 -3.055898669263660272222e-01 9.516579548138337507623e-01 
1.578756703650949111406e+00 1.738561342586124325305e-02 1.066135792767305856543e+00 
1.577627065777115200618e+00 2.061985974410639466115e-01 1.047852803230207241469e+00 
1.610440996875153407686e+00 -1.438648163083751374547e-01 1.007572939150757740379e+00 
1.569510721446446988026e+00 4.083073635017280822446e-01 9.996708006496426435206e-01 
1.632970532296792676163e+00 5.205515130002800194831e-01 8.317775426518946302323e-01 
1.448106916394994891917e+00 7.901285717324467716693e-01 9.529447603705047953326e-01 
1.572838057085912844002e+00 7.123308603127236349195e-01 8.050998131442596017493e-01 
1.518623424006554811783e+00 6.043286720920401089430e-01 9.787697735640672469515e-01 
1.473811198200235983435e+00 9.064272504950695585890e-01 7.973021441813064047466e-01 
1.497952168852539678312e+00 9.884978464771949635548e-01 6.390867115161259492950e-01 
1.383314658583103096134e+00 1.142296406549277776321e+00 6.411084092649976806655e-01 
1.408913037678314550405e+00 1.200950626063332915550e+00 4.495577421363455838943e-01 
1.273650764192552298226e+00 1.330671185022775704354e+00 4.863624633114542739065e-01 

