1600
4.28880125060317197e-02
-2.91025250256571888e-01
-2.95863693117620674e-01
4.28880125060317197e-02
-2.93295438084975879e-01
-2.96308395393995172e-01
-2.94623486816646463e-01
-2.97232207011203120e-01
4.28880125060317197e-02
4.28880125060317197e-02
-2.91875918388023015e-01
-3.05854783419058196e-01
4.28880125060317197e-02
-2.92433606809357594e-01
-2.94693191015547529e-01
4.28880125060317197e-02
4.28880125060317197e-02
4.28880125060317197e-02
4.28880125060317197e-02
-2.94706559100042564e-01
4.28880125060317197e-02
-2.97901692773164639e-01
-2.90854247879894778e-01
4.28880125060317197e-02
4.28880125060317197e-02
-2.92309833356709903e-01
4.28880125060317197e-02
4.28880125060317197e-02
-2.95668730848077710e-01
-2.96889554289456459e-01
-2.93525957763993650e-01
4.28880125060317197e-02
4.28880125060317197e-02
-2.91858787580241918e-01
-2.91921738800871411e-01
4.28880125060317197e-02
4.28880125060317197e-02
-2.92023434338016696e-01
-2.93429995102722885e-01
4.28880125060317197e-02
4.28880125060317197e-02
-2.95663684842579488e-01
-2.94599029661764766e-01
-2.98469455166257891e-01
4.28880125060317197e-02
4.28880125060317197e-02
-2.90759501208523508e-01
4.28880125060317197e-02
4.28880125060317197e-02
-2.91347167672165452e-01
4.28880125060317197e-02
-3.00725665463109859e-01
-2.97640799470566098e-01
4.28880125060317197e-02
4.28880125060317197e-02
4.28880125060317197e-02
4.28880125060317197e-02
-2.96315063752370322e-01
-2.90729397237743881e-01
4.28880125060317197e-02
-3.04146294748883050e-01
-2.94191377318156033e-01
-2.94837474341742123e-01
4.28880125060317197e-02
4.28880125060317197e-02
-2.92735010018234043e-01
-3.10858168031003523e-01
-2.93563740470834056e-01
4.28880125060317197e-02
-2.93196932518072273e-01
-2.91682526357661787e-01
4.28880125060317197e-02
4.28880125060317197e-02
-2.91211495001503617e-01
-2.98296402489501344e-01
4.28880125060317197e-02
-2.92265492325376464e-01
4.28880125060317197e-02
-2.91178907196128600e-01
4.28880125060317197e-02
4.28880125060317197e-02
4.28880125060317197e-02
-2.93425409339516663e-01
-3.00606763549196021e-01
4.28880125060317197e-02
-2.92100861345543639e-01
-2.94573276020969277e-01
4.28880125060317197e-02
-2.93916478332460429e-01
-2.98930705122946394e-01
4.28880125060317197e-02
-2.98183450057277422e-01
-3.00411095171806752e-01
-3.09828387750930134e-01
-2.90879558783310177e-01
4.28880125060317197e-02
4.28880125060317197e-02
-2.91557612541967770e-01
4.28880125060317197e-02
4.28880125060317197e-02
-2.94375086639610095e-01
-2.96214171097642753e-01
-2.94662745802698578e-01
-2.96096598977289738e-01
4.28880125060317197e-02
-2.91943820939354726e-01
-2.92410217886520385e-01
4.28880125060317197e-02
4.28880125060317197e-02
-2.94154283325802124e-01
-2.92192502918974029e-01
4.28880125060317197e-02
4.28880125060317197e-02
-2.94268083848399142e-01
-2.98021371561419557e-01
-2.96051211295522587e-01
4.28880125060317197e-02
4.28880125060317197e-02
-2.90819789905500004e-01
4.28880125060317197e-02
4.28880125060317197e-02
-2.91711282497698177e-01
-2.98590233562360363e-01
4.28880125060317197e-02
-2.93474409626190980e-01
4.28880125060317197e-02
-2.93437629139761236e-01
4.28880125060317197e-02
4.28880125060317197e-02
-2.92203850082165539e-01
-2.91487536447925799e-01
4.28880125060317197e-02
-3.04822407281794161e-01
-2.93087951117850298e-01
4.28880125060317197e-02
4.28880125060317197e-02
4.28880125060317197e-02
-2.92733035882650539e-01
-3.04672150209598369e-01
-2.94548307408986965e-01
4.28880125060317197e-02
-2.97306892627716257e-01
-2.91251968670104000e-01
4.28880125060317197e-02
4.28880125060317197e-02
-2.91009595900822704e-01
-2.98375196759739836e-01
4.28880125060317197e-02
-2.92146086667030846e-01
-3.01404245712673491e-01
-2.91840914008443808e-01
4.28880125060317197e-02
4.28880125060317197e-02
-2.96338076126812511e-01
-2.90808345044502592e-01
4.28880125060317197e-02
-3.10842775833089058e-01
-2.93345121927127805e-01
-2.94799261135719248e-01
4.28880125060317197e-02
4.28880125060317197e-02
4.28880125060317197e-02
4.28880125060317197e-02
-2.96676502678629550e-01
-3.03069241060784811e-01
-2.99989479587107810e-01
-2.90701944261304190e-01
4.28880125060317197e-02
4.28880125060317197e-02
-2.91744348256733399e-01
4.28880125060317197e-02
4.28880125060317197e-02
-2.94200361450306036e-01
-2.97915255958794090e-01
-2.93319487340401586e-01
4.28880125060317197e-02
4.28880125060317197e-02
-2.91806482724476235e-01
-2.92146972043356601e-01
4.28880125060317197e-02
4.28880125060317197e-02
-2.92377507287664540e-01
-2.93487343100329368e-01
4.28880125060317197e-02
-2.92681187838006951e-01
-2.98548953522142890e-01
-2.92387347282201393e-01
-3.02922635389038852e-01
4.28880125060317197e-02
4.28880125060317197e-02
-2.90927866550610315e-01
4.28880125060317197e-02
4.28880125060317197e-02
-2.90957137010219025e-01
-3.07029037026523899e-01
-3.04477496294254968e-01
-2.94214224481388786e-01
4.28880125060317197e-02
4.28880125060317197e-02
-2.98217383798360991e-01
4.28880125060317197e-02
-2.93664197583759889e-01
-2.90862863565885477e-01
4.28880125060317197e-02
-3.03311979710501833e-01
-2.93974206158186258e-01
4.28880125060317197e-02
4.28880125060317197e-02
4.28880125060317197e-02
-2.93432084030370799e-01
-3.01860851415587161e-01
-2.94676691941785585e-01
4.28880125060317197e-02
-2.93569532551970769e-01
-2.91922608180385845e-01
4.28880125060317197e-02
4.28880125060317197e-02
-2.91618245478361959e-01
-2.93810445386527730e-01
4.28880125060317197e-02
-2.91436392636233443e-01
-3.07724343368685038e-01
-2.91616649233426228e-01
4.28880125060317197e-02
4.28880125060317197e-02
4.28880125060317197e-02
-2.91709122141319221e-01
-3.05636308557856395e-01
4.28880125060317197e-02
-2.92120049302271145e-01
-2.96897080922244649e-01
4.28880125060317197e-02
4.28880125060317197e-02
4.28880125060317197e-02
4.28880125060317197e-02
-2.95363251809686145e-01
-3.10153739684770557e-01
-3.01443204785785901e-01
-2.91103301521932145e-01
4.28880125060317197e-02
4.28880125060317197e-02
-2.92272274607425830e-01
4.28880125060317197e-02
4.28880125060317197e-02
-2.98249097091384086e-01
-2.94905494000968993e-01
-2.94721500705029282e-01
4.28880125060317197e-02
4.28880125060317197e-02
-2.94244757405618118e-01
-2.91104714315613022e-01
4.28880125060317197e-02
4.28880125060317197e-02
-2.94633222914636617e-01
-2.92415843573811729e-01
4.28880125060317197e-02
4.28880125060317197e-02
-2.93977103983707744e-01
-3.00620098835681582e-01
-2.95125262391666199e-01
4.28880125060317197e-02
4.28880125060317197e-02
-2.90833800793686370e-01
4.28880125060317197e-02
4.28880125060317197e-02
-2.91416056034122184e-01
-3.05835741908198733e-01
-3.03443908977604648e-01
-2.96088316076417002e-01
4.28880125060317197e-02
4.28880125060317197e-02
4.28880125060317197e-02
4.28880125060317197e-02
-2.93227162150016929e-01
-2.91068062767225855e-01
-3.13950139749724577e-01
4.28880125060317197e-02
-2.92571889342953306e-01
-2.97809439990534830e-01
4.28880125060317197e-02
4.28880125060317197e-02
-2.93574507112051075e-01
-2.99510618636268544e-01
-2.95052332010754315e-01
4.28880125060317197e-02
-2.98084832750876438e-01
-2.91434614709417283e-01
4.28880125060317197e-02
4.28880125060317197e-02
-2.90931110886966715e-01
-3.01514300435885230e-01
-3.11353156229993988e-01
-2.92587999868512749e-01
-3.00967309198723998e-01
-2.91746890439141759e-01
4.28880125060317197e-02
4.28880125060317197e-02
4.28880125060317197e-02
-2.91819441453802120e-01
-3.06313352648346249e-01
4.28880125060317197e-02
-2.92670403331761975e-01
-2.94074686119527529e-01
4.28880125060317197e-02
4.28880125060317197e-02
4.28880125060317197e-02
4.28880125060317197e-02
-2.95527193965000656e-01
-3.08347439468497408e-01
-3.00092111237575399e-01
-2.90829458922166995e-01
4.28880125060317197e-02
4.28880125060317197e-02
-2.92422405543151465e-01
4.28880125060317197e-02
4.28880125060317197e-02
-2.91791060859080631e-01
-3.04041365391224561e-01
-2.92110842729058462e-01
4.28880125060317197e-02
4.28880125060317197e-02
-2.91098305185700235e-01
-2.94891682599739080e-01
4.28880125060317197e-02
4.28880125060317197e-02
-2.92363577596183255e-01
-2.92572819380144622e-01
4.28880125060317197e-02
4.28880125060317197e-02
-2.94454719363555717e-01
-2.97464647467874654e-01
-2.96120395732157926e-01
4.28880125060317197e-02
4.28880125060317197e-02
-2.90842360807226863e-01
4.28880125060317197e-02
4.28880125060317197e-02
-2.91153400722656663e-01
-3.05701836138074667e-01
-3.05335779909902794e-01
-2.94759699310435996e-01
4.28880125060317197e-02
4.28880125060317197e-02
4.28880125060317197e-02
4.28880125060317197e-02
-2.94339746259737745e-01
-2.90909979698171506e-01
4.28880125060317197e-02
-2.98470263332682395e-01
-2.95516385278264015e-01
4.28880125060317197e-02
4.28880125060317197e-02
4.28880125060317197e-02
-2.92257216916108675e-01
4.28880125060317197e-02
-2.93795935498750882e-01
4.28880125060317197e-02
-2.95192089786162626e-01
-2.91189481623396307e-01
4.28880125060317197e-02
4.28880125060317197e-02
-2.91353385755799388e-01
-2.95104990044238513e-01
4.28880125060317197e-02
-2.91585218115821609e-01
-3.07229157552103227e-01
-2.91481298910524267e-01
4.28880125060317197e-02
4.28880125060317197e-02
-2.94073995063336591e-01
-2.91117351026226323e-01
-3.12652535214406280e-01
4.28880125060317197e-02
-2.92586558852329481e-01
-2.95892014653529323e-01
4.28880125060317197e-02
-3.00823774754441886e-01
4.28880125060317197e-02
4.28880125060317197e-02
-2.99574008550160975e-01
-2.98268247792979391e-01
4.28880125060317197e-02
-2.90912184767181226e-01
4.28880125060317197e-02
4.28880125060317197e-02
-2.91398985756975537e-01
4.28880125060317197e-02
4.28880125060317197e-02
-2.95411426449763037e-01
-2.95010034522959708e-01
-2.95985026612075874e-01
-2.95640967373641317e-01
4.28880125060317197e-02
-2.91798122206929356e-01
-2.92402193630717955e-01
4.28880125060317197e-02
4.28880125060317197e-02
-2.92555907453501851e-01
-2.93624872696839956e-01
4.28880125060317197e-02
4.28880125060317197e-02
-2.95159879639892597e-01
-2.93906293983789091e-01
-2.99653778613593547e-01
4.28880125060317197e-02
4.28880125060317197e-02
-2.91165360353593750e-01
4.28880125060317197e-02
4.28880125060317197e-02
-2.91461125842470081e-01
-2.97596455613472366e-01
4.28880125060317197e-02
-2.92413147046926780e-01
4.28880125060317197e-02
4.28880125060317197e-02
4.28880125060317197e-02
4.28880125060317197e-02
-2.92781393547306035e-01
-2.91075213175060077e-01
4.28880125060317197e-02
4.28880125060317197e-02
-2.92761101979465699e-01
4.28880125060317197e-02
4.28880125060317197e-02
4.28880125060317197e-02
-2.93993238086008413e-01
-2.98635795813988358e-01
-2.95325341804296093e-01
4.28880125060317197e-02
-2.95665551758868661e-01
-2.91706609700467190e-01
4.28880125060317197e-02
4.28880125060317197e-02
-2.91179068927901352e-01
-2.94944244622134144e-01
4.28880125060317197e-02
-2.92088051040372887e-01
-3.00577946946139929e-01
-2.92256310976700628e-01
4.28880125060317197e-02
4.28880125060317197e-02
4.28880125060317197e-02
-2.90992456192376847e-01
4.28880125060317197e-02
4.28880125060317197e-02
-2.93267069875244979e-01
-2.94244384882320353e-01
4.28880125060317197e-02
4.28880125060317197e-02
4.28880125060317197e-02
4.28880125060317197e-02
-2.93839121907802925e-01
4.28880125060317197e-02
-2.95704322148969745e-01
-2.90964772177262021e-01
4.28880125060317197e-02
4.28880125060317197e-02
-2.92334928154027229e-01
4.28880125060317197e-02
4.28880125060317197e-02
-2.94998435875382325e-01
-2.97005690799249988e-01
-2.93649949727291582e-01
4.28880125060317197e-02
4.28880125060317197e-02
-2.91860901534330919e-01
-2.91990172164771356e-01
4.28880125060317197e-02
4.28880125060317197e-02
-2.92344275125714925e-01
-2.93366901256977175e-01
4.28880125060317197e-02
-2.92543486918327655e-01
-2.97774549290398149e-01
-2.92816752720394480e-01
-3.01559426062361247e-01
4.28880125060317197e-02
4.28880125060317197e-02
-2.90826527084101727e-01
4.28880125060317197e-02
4.28880125060317197e-02
-2.91342325194563601e-01
4.28880125060317197e-02
-2.97780599670880664e-01
-3.00904518452773939e-01
4.28880125060317197e-02
4.28880125060317197e-02
4.28880125060317197e-02
4.28880125060317197e-02
-2.95660599221017284e-01
-2.90794000782751083e-01
4.28880125060317197e-02
-3.09886522722829794e-01
-2.93376823381385765e-01
-2.94980280812414120e-01
4.28880125060317197e-02
4.28880125060317197e-02
-2.92810775233609877e-01
-3.04618943523437602e-01
-2.94423422516341349e-01
4.28880125060317197e-02
-2.96393551082768714e-01
-2.91337543641111585e-01
4.28880125060317197e-02
4.28880125060317197e-02
-2.91668501882266951e-01
-2.94688029546083474e-01
4.28880125060317197e-02
-2.91392084793373085e-01
4.28880125060317197e-02
-2.91211734715922044e-01
4.28880125060317197e-02
4.28880125060317197e-02
4.28880125060317197e-02
-2.94209358638313212e-01
-2.98875874387391827e-01
4.28880125060317197e-02
-2.91668204810105747e-01
-2.96400708286101044e-01
4.28880125060317197e-02
4.28880125060317197e-02
-2.96506053967384609e-01
4.28880125060317197e-02
-2.96366307115156657e-01
-3.05102255218350549e-01
-3.02508441507030212e-01
-2.90816583340610835e-01
4.28880125060317197e-02
4.28880125060317197e-02
-2.91686295192175093e-01
4.28880125060317197e-02
4.28880125060317197e-02
-2.93664644217352500e-01
-2.97161871829094981e-01
-2.93934967793695323e-01
-2.96679843514564501e-01
4.28880125060317197e-02
-2.91964048005802446e-01
-2.92552661509658862e-01
4.28880125060317197e-02
4.28880125060317197e-02
-2.94124884668445108e-01
-2.92309155699850831e-01
4.28880125060317197e-02
4.28880125060317197e-02
-2.93893045909706496e-01
-3.00359500417020697e-01
-2.95264245356817612e-01
4.28880125060317197e-02
4.28880125060317197e-02
-2.90848516923058742e-01
4.28880125060317197e-02
4.28880125060317197e-02
-2.91472207478267353e-01
-3.03027598314873803e-01
-3.06390418785155771e-01
-2.94934282185717989e-01
4.28880125060317197e-02
-2.94144362389313685e-01
4.28880125060317197e-02
4.28880125060317197e-02
-2.92448824504314753e-01
-2.91254444189437522e-01
4.28880125060317197e-02
-3.00033848569678241e-01
-2.94278103228953813e-01
4.28880125060317197e-02
4.28880125060317197e-02
4.28880125060317197e-02
-2.93160979695784418e-01
-3.00120866357445337e-01
-2.95550465366805959e-01
-3.08899928915763677e-01
-3.02791772756008104e-01
-2.91208012182463505e-01
4.28880125060317197e-02
4.28880125060317197e-02
-2.90929726935607480e-01
-2.98447650602478132e-01
4.28880125060317197e-02
-2.92335699115901682e-01
-2.98385359714955889e-01
-2.92839209468829353e-01
-3.00600950290621949e-01
4.28880125060317197e-02
4.28880125060317197e-02
-2.91097588751399072e-01
-3.13140585784503211e-01
4.28880125060317197e-02
-2.92718898610883682e-01
-2.95203271360297947e-01
4.28880125060317197e-02
4.28880125060317197e-02
4.28880125060317197e-02
4.28880125060317197e-02
-2.97008387268082374e-01
-3.02888713391575581e-01
-3.01662626474598572e-01
-2.90720239917574008e-01
4.28880125060317197e-02
4.28880125060317197e-02
-2.91980659802910214e-01
4.28880125060317197e-02
4.28880125060317197e-02
-2.93091459461814363e-01
-2.99947778388910680e-01
-2.92772028203068524e-01
4.28880125060317197e-02
4.28880125060317197e-02
-2.91450333779440074e-01
-2.92890526485463765e-01
4.28880125060317197e-02
4.28880125060317197e-02
-2.91946166062047541e-01
-2.94391611206545945e-01
4.28880125060317197e-02
-2.93108078628921520e-01
-2.97208172266339499e-01
-2.92752653864053913e-01
-3.02189017538607163e-01
4.28880125060317197e-02
4.28880125060317197e-02
-2.90873985332542051e-01
4.28880125060317197e-02
4.28880125060317197e-02
-2.91208256036886104e-01
-3.02891716298412439e-01
-3.08860936588802593e-01
-2.93890816327676163e-01
4.28880125060317197e-02
4.28880125060317197e-02
4.28880125060317197e-02
4.28880125060317197e-02
-2.95441267927840312e-01
-2.90836598813181635e-01
4.28880125060317197e-02
-2.98402229966641619e-01
-2.95744819039829743e-01
4.28880125060317197e-02
4.28880125060317197e-02
4.28880125060317197e-02
-2.93313221128562618e-01
-3.05497457745743828e-01
-2.94043164266729440e-01
4.28880125060317197e-02
-2.92414934011907546e-01
-2.92414709732447986e-01
4.28880125060317197e-02
4.28880125060317197e-02
-2.91326556183975183e-01
-2.94086999118665648e-01
4.28880125060317197e-02
-2.92054722511039755e-01
-3.01202543255489896e-01
-2.92205260300806458e-01
4.28880125060317197e-02
4.28880125060317197e-02
4.28880125060317197e-02
-2.92055425223968157e-01
-3.04291079406807441e-01
4.28880125060317197e-02
-2.92118643622699958e-01
-2.95893617456343960e-01
4.28880125060317197e-02
-2.96936994739885052e-01
4.28880125060317197e-02
4.28880125060317197e-02
-2.96116263899356802e-01
-3.05811146782445031e-01
-3.04627663750010713e-01
-2.91033412574403128e-01
4.28880125060317197e-02
4.28880125060317197e-02
-2.91876038526541037e-01
4.28880125060317197e-02
4.28880125060317197e-02
-2.98134568683740719e-01
-2.94287452324801302e-01
-2.96386568462789934e-01
-2.95799115210534758e-01
4.28880125060317197e-02
-2.92610177922328629e-01
-2.91448085106932042e-01
4.28880125060317197e-02
4.28880125060317197e-02
-2.93128307657009646e-01
-2.92796081151033838e-01
4.28880125060317197e-02
4.28880125060317197e-02
-2.95002645076149539e-01
-2.95267443698486398e-01
-2.97889430459995386e-01
4.28880125060317197e-02
4.28880125060317197e-02
-2.90723591969280437e-01
4.28880125060317197e-02
4.28880125060317197e-02
-2.91903716088895204e-01
-3.01036401176895563e-01
-3.04181752731886912e-01
-2.95528171160880759e-01
4.28880125060317197e-02
4.28880125060317197e-02
4.28880125060317197e-02
4.28880125060317197e-02
-2.92850614905176609e-01
-2.91146001618776240e-01
-3.13519164099174741e-01
4.28880125060317197e-02
-2.92508983736125883e-01
4.28880125060317197e-02
4.28880125060317197e-02
4.28880125060317197e-02
-2.93574317277945085e-01
-3.00196148262691809e-01
-2.94942707324072240e-01
4.28880125060317197e-02
-2.95712822912558959e-01
-2.91609341546300249e-01
4.28880125060317197e-02
4.28880125060317197e-02
-2.91063126771942793e-01
-3.01135914998788612e-01
-3.12410968607094996e-01
-2.92863503226884314e-01
4.28880125060317197e-02
-2.91229066133911529e-01
4.28880125060317197e-02
4.28880125060317197e-02
4.28880125060317197e-02
-2.91884071502589826e-01
-3.05534729786988479e-01
4.28880125060317197e-02
-2.93104347690523181e-01
-2.93406998265988761e-01
4.28880125060317197e-02
4.28880125060317197e-02
-2.95019348831460970e-01
4.28880125060317197e-02
-2.95751948049250535e-01
-3.06614671926464855e-01
-2.99494203539377224e-01
-2.90737397490346716e-01
4.28880125060317197e-02
4.28880125060317197e-02
-2.91985437765418410e-01
4.28880125060317197e-02
4.28880125060317197e-02
-2.92767712716054729e-01
-3.00199491639655092e-01
-2.92660511378944610e-01
4.28880125060317197e-02
4.28880125060317197e-02
-2.91606610196542215e-01
-2.92743922158619052e-01
4.28880125060317197e-02
4.28880125060317197e-02
-2.93412918794607014e-01
-2.92249174295605707e-01
4.28880125060317197e-02
-2.92914688073911189e-01
-2.96600180424617665e-01
-2.94264430980927805e-01
-2.97903818835385858e-01
4.28880125060317197e-02
4.28880125060317197e-02
-2.90883526035130624e-01
4.28880125060317197e-02
4.28880125060317197e-02
-2.91004246184418669e-01
-3.12285405066983324e-01
-3.00533744782615742e-01
-2.96218821772455121e-01
4.28880125060317197e-02
4.28880125060317197e-02
-2.96682655716096422e-01
4.28880125060317197e-02
-2.92961635088386907e-01
-2.91041522384837770e-01
4.28880125060317197e-02
-3.00438312699451537e-01
-2.94410045779348595e-01
4.28880125060317197e-02
4.28880125060317197e-02
4.28880125060317197e-02
-2.92384707826144452e-01
4.28880125060317197e-02
-2.93937523379038002e-01
4.28880125060317197e-02
-2.95417982898993625e-01
-2.91239931084236847e-01
4.28880125060317197e-02
4.28880125060317197e-02
-2.91420433194274464e-01
-2.95072485391063233e-01
4.28880125060317197e-02
-2.91531476213416130e-01
-3.09414284682689555e-01
-2.91371628999583077e-01
4.28880125060317197e-02
4.28880125060317197e-02
-2.93261219703153164e-01
-2.91399159533921759e-01
-3.08011813283470881e-01
4.28880125060317197e-02
-2.92199149631944821e-01
-2.98304751194799822e-01
4.28880125060317197e-02
4.28880125060317197e-02
4.28880125060317197e-02
4.28880125060317197e-02
-3.00078690757623057e-01
-2.98363362306570234e-01
4.28880125060317197e-02
-2.90768606431890120e-01
4.28880125060317197e-02
4.28880125060317197e-02
-2.91499058777113296e-01
4.28880125060317197e-02
4.28880125060317197e-02
-2.95530727760730694e-01
-2.95948722830084610e-01
-2.94419274940397435e-01
4.28880125060317197e-02
4.28880125060317197e-02
-2.92997661716581759e-01
-2.91527398602190679e-01
4.28880125060317197e-02
4.28880125060317197e-02
-2.93494832670005923e-01
-2.92942370692042875e-01
4.28880125060317197e-02
4.28880125060317197e-02
-2.94514968400140076e-01
-2.96452064059312848e-01
-2.96861409364321649e-01
4.28880125060317197e-02
4.28880125060317197e-02
-2.91269070815993403e-01
4.28880125060317197e-02
4.28880125060317197e-02
-2.91288478223133251e-01
-3.00009178823031353e-01
-3.13890153247456616e-01
-2.93014671063293264e-01
4.28880125060317197e-02
4.28880125060317197e-02
4.28880125060317197e-02
4.28880125060317197e-02
-2.92946136462947537e-01
-2.90966445060448387e-01
4.28880125060317197e-02
-3.07151761101110254e-01
-2.93219730573038795e-01
4.28880125060317197e-02
4.28880125060317197e-02
-2.94455361142065608e-01
-2.94773152637430202e-01
-2.96659433999287458e-01
-2.95908380415094319e-01
4.28880125060317197e-02
-2.96304574725801295e-01
-2.91789111016511726e-01
4.28880125060317197e-02
4.28880125060317197e-02
-2.91026499831857743e-01
-2.96418531667958285e-01
4.28880125060317197e-02
-2.92309692779746833e-01
-2.98960699463799662e-01
-2.92709990048468482e-01
-3.00150023002112132e-01
4.28880125060317197e-02
4.28880125060317197e-02
-2.91099503070901877e-01
-3.13190301609910904e-01
4.28880125060317197e-02
-2.92902792258263822e-01
-2.94585657324584360e-01
4.28880125060317197e-02
4.28880125060317197e-02
4.28880125060317197e-02
4.28880125060317197e-02
-2.94739994565505203e-01
4.28880125060317197e-02
-2.98535967424763182e-01
-2.91022196003118627e-01
4.28880125060317197e-02
4.28880125060317197e-02
-2.93126001418259452e-01
4.28880125060317197e-02
4.28880125060317197e-02
-2.94771060319210021e-01
-2.98131923279478406e-01
-2.93165169498725897e-01
4.28880125060317197e-02
4.28880125060317197e-02
-2.91866225386111455e-01
-2.91959716535229563e-01
4.28880125060317197e-02
4.28880125060317197e-02
-2.91912894586172977e-01
-2.93526315895783430e-01
4.28880125060317197e-02
4.28880125060317197e-02
-2.95265959108929055e-01
-2.95185587714069941e-01
-2.97897822359307951e-01
4.28880125060317197e-02
4.28880125060317197e-02
-2.90751050576503578e-01
4.28880125060317197e-02
4.28880125060317197e-02
-2.91280562081695893e-01
4.28880125060317197e-02
-3.00405780742598105e-01
-2.97705776259977073e-01
4.28880125060317197e-02
4.28880125060317197e-02
4.28880125060317197e-02
4.28880125060317197e-02
-2.95801438200912648e-01
-2.90743981357963588e-01
4.28880125060317197e-02
-3.05737431212495470e-01
-2.93879699601911959e-01
-2.94923961568705428e-01
4.28880125060317197e-02
4.28880125060317197e-02
-2.92738401452993235e-01
-3.08715798153959553e-01
-2.93788926103232761e-01
4.28880125060317197e-02
-2.93773905179826433e-01
-2.91584859041461197e-01
4.28880125060317197e-02
4.28880125060317197e-02
-2.91315730803031192e-01
-2.97162658572167171e-01
4.28880125060317197e-02
-2.92025181513819898e-01
4.28880125060317197e-02
-2.91144515655715586e-01
4.28880125060317197e-02
4.28880125060317197e-02
4.28880125060317197e-02
-2.92125057515175868e-01
-3.04551199234665892e-01
4.28880125060317197e-02
-2.92307502390565022e-01
-2.94873966384728348e-01
4.28880125060317197e-02
-2.95380133521770116e-01
4.28880125060317197e-02
4.28880125060317197e-02
-2.97079857964824501e-01
-3.02212429198041421e-01
-3.09146524182920934e-01
-2.91035147663109839e-01
4.28880125060317197e-02
4.28880125060317197e-02
-2.91737035938725187e-01
4.28880125060317197e-02
4.28880125060317197e-02
-2.93249089963084131e-01
-2.96957575170563093e-01
-2.94092544073693452e-01
-2.97382691497607654e-01
4.28880125060317197e-02
-2.91520858789872828e-01
-2.93391917823448201e-01
4.28880125060317197e-02
4.28880125060317197e-02
-2.94281224888368054e-01
-2.92030897983106885e-01
4.28880125060317197e-02
4.28880125060317197e-02
-2.93805783332823756e-01
-2.99947345750276484e-01
-2.95259358462052368e-01
4.28880125060317197e-02
4.28880125060317197e-02
-2.90907884098293656e-01
4.28880125060317197e-02
4.28880125060317197e-02
-2.91588519491311982e-01
-2.98507114072750712e-01
4.28880125060317197e-02
-2.93140852564181265e-01
4.28880125060317197e-02
4.28880125060317197e-02
4.28880125060317197e-02
4.28880125060317197e-02
-2.92532148022306593e-01
-2.91130068528199726e-01
4.28880125060317197e-02
-3.04815884769301104e-01
-2.93351654042952992e-01
4.28880125060317197e-02
4.28880125060317197e-02
4.28880125060317197e-02
-2.92936439383167657e-01
-3.01929745738003241e-01
-2.95137792474044480e-01
-3.12641986803706806e-01
-3.00304612040561303e-01
-2.91197758817358598e-01
4.28880125060317197e-02
4.28880125060317197e-02
-2.91165568962296228e-01
-2.96019812076220079e-01
4.28880125060317197e-02
-2.91832482608376464e-01
-3.03284884677761879e-01
-2.91719197080855253e-01
4.28880125060317197e-02
4.28880125060317197e-02
4.28880125060317197e-02
-2.90783122333223842e-01
4.28880125060317197e-02
-3.08738637908652580e-01
-2.93656533944315845e-01
-2.94535025385690041e-01
4.28880125060317197e-02
4.28880125060317197e-02
4.28880125060317197e-02
4.28880125060317197e-02
-2.95171531442970592e-01
4.28880125060317197e-02
-2.97511686976924317e-01
-2.90715094950939390e-01
4.28880125060317197e-02
4.28880125060317197e-02
-2.91702523889237453e-01
4.28880125060317197e-02
4.28880125060317197e-02
-2.93949848694734284e-01
-2.97676410037389760e-01
-2.93494954864350344e-01
4.28880125060317197e-02
4.28880125060317197e-02
-2.91436008967798754e-01
-2.92957648323370623e-01
4.28880125060317197e-02
4.28880125060317197e-02
-2.92026124744037607e-01
-2.94385267789999683e-01
4.28880125060317197e-02
-2.93324457435119035e-01
-2.97905944083020291e-01
-2.92378752792829044e-01
-3.03418072052844490e-01
4.28880125060317197e-02
4.28880125060317197e-02
-2.90981465022012498e-01
4.28880125060317197e-02
4.28880125060317197e-02
-2.90948547012840286e-01
-3.04703161188498994e-01
-3.06953297702290351e-01
-2.93481517069983044e-01
4.28880125060317197e-02
4.28880125060317197e-02
-2.99281470005813510e-01
4.28880125060317197e-02
-2.94095830978896355e-01
-2.90813123193670087e-01
4.28880125060317197e-02
-3.04968279431337863e-01
-2.93784174167917023e-01
4.28880125060317197e-02
4.28880125060317197e-02
4.28880125060317197e-02
-2.93251461110490996e-01
-3.02701935434102343e-01
-2.94492916869031451e-01
4.28880125060317197e-02
-2.94120324404840261e-01
-2.91734809987731825e-01
4.28880125060317197e-02
4.28880125060317197e-02
-2.91785156736261986e-01
-2.93312248680304199e-01
4.28880125060317197e-02
-2.91474732194757835e-01
-3.06800431431342335e-01
-2.91761373557734016e-01
4.28880125060317197e-02
4.28880125060317197e-02
4.28880125060317197e-02
-2.92376143649344777e-01
-3.02327827266349269e-01
4.28880125060317197e-02
-2.91861297856041813e-01
-2.97560062165655892e-01
4.28880125060317197e-02
4.28880125060317197e-02
4.28880125060317197e-02
4.28880125060317197e-02
-2.95267873325609442e-01
-3.10366672072642347e-01
-3.00473842037380590e-01
-2.90991677635671797e-01
4.28880125060317197e-02
4.28880125060317197e-02
-2.92023235131662728e-01
4.28880125060317197e-02
4.28880125060317197e-02
-2.96671827104851016e-01
-2.95115174951628922e-01
-2.95104262238946313e-01
-2.95899747363284837e-01
4.28880125060317197e-02
-2.92926136516254099e-01
-2.91442701296761142e-01
4.28880125060317197e-02
4.28880125060317197e-02
-2.93431564626308705e-01
-2.92818179706935633e-01
4.28880125060317197e-02
4.28880125060317197e-02
-2.94544811960802899e-01
-2.96378282584943920e-01
-2.96999043656909600e-01
4.28880125060317197e-02
4.28880125060317197e-02
-2.90709763962707923e-01
4.28880125060317197e-02
4.28880125060317197e-02
-2.91706071266523037e-01
-3.05060132683357244e-01
-3.01512931221459335e-01
-2.97215865376821375e-01
4.28880125060317197e-02
4.28880125060317197e-02
4.28880125060317197e-02
4.28880125060317197e-02
-2.93748521831096177e-01
-2.90941256670548321e-01
4.28880125060317197e-02
4.28880125060317197e-02
-2.92842774905419545e-01
-2.96363778614187501e-01
4.28880125060317197e-02
-2.97205586327566607e-01
-2.94030967887225825e-01
-2.97691410241699095e-01
-2.95329113596066561e-01
-3.13651520675448381e-01
-2.99918933188010606e-01
-2.91461119041355188e-01
4.28880125060317197e-02
4.28880125060317197e-02
-2.90884425122002410e-01
-3.02389285034506683e-01
-3.09624041428312013e-01
-2.92616620802038041e-01
-2.99749208704891912e-01
-2.92018708785878878e-01
-3.04125840865060115e-01
4.28880125060317197e-02
4.28880125060317197e-02
-2.92153034447822035e-01
-3.04633097219276117e-01
4.28880125060317197e-02
-2.92484996714036105e-01
-2.94260105392529336e-01
4.28880125060317197e-02
4.28880125060317197e-02
-2.95365061653390548e-01
4.28880125060317197e-02
-2.95246536103588975e-01
-3.09275420783581056e-01
-2.99036407978530927e-01
-2.90802174942395131e-01
4.28880125060317197e-02
4.28880125060317197e-02
-2.92223144271020641e-01
4.28880125060317197e-02
4.28880125060317197e-02
-2.92059903163564838e-01
-3.02339985772458464e-01
-2.92242414355940894e-01
4.28880125060317197e-02
4.28880125060317197e-02
-2.91151438731134304e-01
-2.94384636206790951e-01
4.28880125060317197e-02
4.28880125060317197e-02
-2.92213563739640969e-01
-2.93023617763078614e-01
4.28880125060317197e-02
4.28880125060317197e-02
-2.95480719038310746e-01
-2.95109563760941107e-01
-2.97826198913584528e-01
4.28880125060317197e-02
4.28880125060317197e-02
-2.90777990818946230e-01
4.28880125060317197e-02
4.28880125060317197e-02
-2.91315153311235420e-01
-3.07339039848635143e-01
-3.02703656584196457e-01
-2.96309727202317852e-01
4.28880125060317197e-02
-2.95091886640210244e-01
4.28880125060317197e-02
4.28880125060317197e-02
-2.94028935191009866e-01
-2.91090742624984744e-01
4.28880125060317197e-02
-2.95696701868770062e-01
-2.97184072817946510e-01
4.28880125060317197e-02
4.28880125060317197e-02
4.28880125060317197e-02
-2.92068587601064189e-01
4.28880125060317197e-02
-2.93626976222470415e-01
4.28880125060317197e-02
-2.94977306247013960e-01
-2.91090738995199771e-01
4.28880125060317197e-02
4.28880125060317197e-02
-2.91278275448529245e-01
-2.94979609964156286e-01
4.28880125060317197e-02
-2.91709470997918774e-01
-3.04058339735273908e-01
-2.91724722399285041e-01
4.28880125060317197e-02
4.28880125060317197e-02
4.28880125060317197e-02
-2.91397783535793209e-01
-3.08564202362264617e-01
4.28880125060317197e-02
-2.92331867260994471e-01
-2.96233916998680125e-01
4.28880125060317197e-02
-2.99579543918450431e-01
4.28880125060317197e-02
4.28880125060317197e-02
-3.00301628665304687e-01
-2.97863138772535618e-01
4.28880125060317197e-02
-2.90840889854550977e-01
4.28880125060317197e-02
4.28880125060317197e-02
-2.91423764892946191e-01
4.28880125060317197e-02
4.28880125060317197e-02
-2.95645343208849332e-01
-2.95390229244906266e-01
-2.95188933194424630e-01
-2.95690322878846279e-01
4.28880125060317197e-02
-2.92333452520692372e-01
-2.91820743670387683e-01
4.28880125060317197e-02
4.28880125060317197e-02
-2.92969472148819188e-01
-2.93162402499579089e-01
4.28880125060317197e-02
4.28880125060317197e-02
-2.95693746258579859e-01
-2.93696326768743354e-01
-3.00021921823933613e-01
4.28880125060317197e-02
4.28880125060317197e-02
-2.90934193168931599e-01
4.28880125060317197e-02
4.28880125060317197e-02
-2.91657272308294246e-01
-2.97145935476907042e-01
4.28880125060317197e-02
-2.92579276123771770e-01
4.28880125060317197e-02
4.28880125060317197e-02
4.28880125060317197e-02
4.28880125060317197e-02
-2.92503166270555282e-01
-2.91270638769156542e-01
4.28880125060317197e-02
4.28880125060317197e-02
-2.92683386739183982e-01
4.28880125060317197e-02
4.28880125060317197e-02
4.28880125060317197e-02
-2.93952835501460508e-01
-2.99070538234468442e-01
-2.95407070439435593e-01
4.28880125060317197e-02
-2.94153516956138006e-01
-2.91929620224021746e-01
4.28880125060317197e-02
4.28880125060317197e-02
-2.91121138997218143e-01
-2.94914223654344665e-01
4.28880125060317197e-02
-2.92629939981000231e-01
-2.98529244344078903e-01
-2.93042212084020537e-01
-2.98674157231918480e-01
4.28880125060317197e-02
4.28880125060317197e-02
-2.91290922468523727e-01
-3.10494502813985385e-01
4.28880125060317197e-02
-2.92924905909517419e-01
-2.94167640228319927e-01
4.28880125060317197e-02
4.28880125060317197e-02
4.28880125060317197e-02
4.28880125060317197e-02
-2.94184348573298893e-01
4.28880125060317197e-02
-2.96576518436040548e-01
-2.90883608739680333e-01
4.28880125060317197e-02
4.28880125060317197e-02
-2.92236183220141221e-01
4.28880125060317197e-02
4.28880125060317197e-02
-2.95744740556634467e-01
-2.96551196265949613e-01
-2.93747561011386216e-01
4.28880125060317197e-02
4.28880125060317197e-02
-2.92095092429428771e-01
-2.91657217047784856e-01
4.28880125060317197e-02
4.28880125060317197e-02
-2.92522423568482071e-01
-2.93029577312828249e-01
4.28880125060317197e-02
-2.92435193325063347e-01
-2.97525750873416983e-01
-2.93118212851083304e-01
-3.00583261491265741e-01
4.28880125060317197e-02
4.28880125060317197e-02
-2.90832108699224545e-01
4.28880125060317197e-02
4.28880125060317197e-02
-2.91194511197591155e-01
4.28880125060317197e-02
-2.97691510501988332e-01
-3.00215249698009723e-01
4.28880125060317197e-02
4.28880125060317197e-02
-2.99969366838858553e-01
4.28880125060317197e-02
-2.94063679456772697e-01
-2.90819199385489890e-01
4.28880125060317197e-02
-3.07388309193853626e-01
-2.93457793832154257e-01
4.28880125060317197e-02
4.28880125060317197e-02
4.28880125060317197e-02
-2.93022737639839381e-01
-3.04531144032436030e-01
-2.94230132904086839e-01
4.28880125060317197e-02
-2.94217152976167573e-01
-2.91639156230563634e-01
4.28880125060317197e-02
4.28880125060317197e-02
-2.91475292875367942e-01
-2.96643893397797898e-01
4.28880125060317197e-02
-2.92018293355603697e-01
4.28880125060317197e-02
-2.91032164607391064e-01
4.28880125060317197e-02
4.28880125060317197e-02
4.28880125060317197e-02
-2.93543840747708284e-01
-3.00240610570512489e-01
4.28880125060317197e-02
-2.91921168682097276e-01
-2.95239642808830305e-01
4.28880125060317197e-02
4.28880125060317197e-02
-2.98144641249436071e-01
4.28880125060317197e-02
-2.97333130238580046e-01
-3.02250161680223117e-01
-3.06638304943988638e-01
-2.90861036375419324e-01
4.28880125060317197e-02
4.28880125060317197e-02
-2.91803670455219211e-01
4.28880125060317197e-02
4.28880125060317197e-02
-2.93220756152839046e-01
-2.98442829892967665e-01
-2.93171634172797957e-01
4.28880125060317197e-02
4.28880125060317197e-02
-2.92481793711201532e-01
-2.92138883205710242e-01
4.28880125060317197e-02
4.28880125060317197e-02
-2.95064665109122604e-01
-2.92237312459652010e-01
4.28880125060317197e-02
4.28880125060317197e-02
-2.93769131494452829e-01
-3.01787207071493813e-01
-2.94821232654885468e-01
4.28880125060317197e-02
4.28880125060317197e-02
-2.90904472109093315e-01
4.28880125060317197e-02
4.28880125060317197e-02
-2.91388755175913616e-01
-3.03970879783808212e-01
-3.05907753588186004e-01
-2.95036359579549712e-01
4.28880125060317197e-02
-2.94509610215689832e-01
4.28880125060317197e-02
4.28880125060317197e-02
-2.92356588951449170e-01
-2.91282364949157380e-01
4.28880125060317197e-02
-3.01178438293535966e-01
-2.93933393955389033e-01
4.28880125060317197e-02
4.28880125060317197e-02
4.28880125060317197e-02
-2.93409760202339942e-01
-2.99854080285399838e-01
-2.95102935710805703e-01
4.28880125060317197e-02
-2.99352914046136009e-01
-2.91339155219286050e-01
4.28880125060317197e-02
4.28880125060317197e-02
-2.90949751504288534e-01
-2.99868066222393093e-01
4.28880125060317197e-02
-2.92324445365450936e-01
-3.00613158331288099e-01
-2.91921333156636875e-01
4.28880125060317197e-02
4.28880125060317197e-02
-2.95257918891441096e-01
-2.90834979279252781e-01
4.28880125060317197e-02
-3.11626806278177793e-01
-2.93193024965503424e-01
-2.95125672220127810e-01
4.28880125060317197e-02
4.28880125060317197e-02
4.28880125060317197e-02
4.28880125060317197e-02
-2.98841892183146884e-01
-2.99730608161206613e-01
4.28880125060317197e-02
-2.90722794983632349e-01
4.28880125060317197e-02
4.28880125060317197e-02
-2.91998657541082507e-01
-3.01565653427169733e-01
4.28880125060317197e-02
-2.93458540240330246e-01
-2.99712873840356997e-01
-2.92877803894238509e-01
4.28880125060317197e-02
4.28880125060317197e-02
-2.91569553631015499e-01
-2.92563633560196656e-01
4.28880125060317197e-02
4.28880125060317197e-02
-2.91872130600099533e-01
-2.94145881232583117e-01
4.28880125060317197e-02
4.28880125060317197e-02
-2.96184859013716051e-01
-2.93623565204968129e-01
-3.00041704074518190e-01
4.28880125060317197e-02
4.28880125060317197e-02
-2.90972684102720203e-01
4.28880125060317197e-02
4.28880125060317197e-02
-2.91098314376044331e-01
-3.02288731083675655e-01
-3.10287962298777642e-01
-2.93331005668055700e-01
4.28880125060317197e-02
4.28880125060317197e-02
4.28880125060317197e-02
4.28880125060317197e-02
-2.95409483551989649e-01
-2.90777975382803866e-01
4.28880125060317197e-02
-3.01079773739350465e-01
-2.94805477927341075e-01
4.28880125060317197e-02
4.28880125060317197e-02
4.28880125060317197e-02
-2.93180754328272175e-01
-3.04204415156427987e-01
-2.94243294757788598e-01
4.28880125060317197e-02
-2.93323054906412251e-01
-2.91894916937458671e-01
4.28880125060317197e-02
4.28880125060317197e-02
-2.91499077449661192e-01
-2.93932118572709233e-01
4.28880125060317197e-02
-2.91602737967340431e-01
-3.05079882872001829e-01
-2.91761019739814498e-01
4.28880125060317197e-02
4.28880125060317197e-02
4.28880125060317197e-02
-2.91410205620446450e-01
-3.08929728976691742e-01
4.28880125060317197e-02
-2.92483087103401929e-01
-2.95251552996201871e-01
4.28880125060317197e-02
-2.97390457558340093e-01
4.28880125060317197e-02
4.28880125060317197e-02
-2.96193485725550099e-01
-3.04742645931829370e-01
-3.06640430066316361e-01
-2.91174431570180137e-01
4.28880125060317197e-02
4.28880125060317197e-02
-2.91914638549911065e-01
4.28880125060317197e-02
4.28880125060317197e-02
-3.01235141660202377e-01
-2.93467652712019189e-01
-2.98482900813937579e-01
-2.95850452101103945e-01
4.28880125060317197e-02
-2.92515501144081480e-01
-2.91329496408728406e-01
4.28880125060317197e-02
4.28880125060317197e-02
-2.92978864262226912e-01
-2.92658108061006506e-01
4.28880125060317197e-02
4.28880125060317197e-02
-2.94322720779758296e-01
-2.97668044317771829e-01
-2.96347251384721844e-01
4.28880125060317197e-02
4.28880125060317197e-02
-2.90756849814410856e-01
4.28880125060317197e-02
4.28880125060317197e-02
-2.91651931048517277e-01
-3.02177124427943145e-01
-3.05558582998261330e-01
-2.95221543117625718e-01
4.28880125060317197e-02
4.28880125060317197e-02
4.28880125060317197e-02
4.28880125060317197e-02
-2.93044587857002714e-01
-2.91176051272689418e-01
-3.11743629149948909e-01
4.28880125060317197e-02
-2.92399035979984012e-01
4.28880125060317197e-02
4.28880125060317197e-02
4.28880125060317197e-02
-2.93323772231907198e-01
-3.01006469407630872e-01
-2.94817549713416893e-01
4.28880125060317197e-02
-2.96858107705478436e-01
-2.91450693666854721e-01
4.28880125060317197e-02
4.28880125060317197e-02
-2.91068104995749199e-01
-2.99336295659904217e-01
4.28880125060317197e-02
-2.92364892196187165e-01
-3.04462619118159805e-01
-2.91385527739886852e-01
4.28880125060317197e-02
4.28880125060317197e-02
4.28880125060317197e-02
-2.91338143992409093e-01
-3.09743688808720663e-01
4.28880125060317197e-02
-2.93114305298259825e-01
-2.93844422867774291e-01
4.28880125060317197e-02
