1600
0.00000000000000000e+00
-3.40299291379761670e-01
-3.40117581922684431e-01
0.00000000000000000e+00
-3.43480986262855448e-01
-3.39288262186673684e-01
-3.40681973021501328e-01
-3.36360387196422805e-01
0.00000000000000000e+00
0.00000000000000000e+00
-3.40879543003672236e-01
-3.37470093330487553e-01
0.00000000000000000e+00
-3.38555042118524607e-01
-3.38438737342744600e-01
0.00000000000000000e+00
0.00000000000000000e+00
0.00000000000000000e+00
0.00000000000000000e+00
-3.39809804355877432e-01
0.00000000000000000e+00
-3.41539864069503263e-01
-3.40422515078559584e-01
0.00000000000000000e+00
0.00000000000000000e+00
-3.39456757741755211e-01
0.00000000000000000e+00
0.00000000000000000e+00
-3.42632860421192398e-01
-3.38855121237552626e-01
-3.41397877944042361e-01
0.00000000000000000e+00
0.00000000000000000e+00
-3.41228341211664843e-01
-3.40389244215680897e-01
0.00000000000000000e+00
0.00000000000000000e+00
-3.39545570908317607e-01
-3.39062785015374402e-01
0.00000000000000000e+00
0.00000000000000000e+00
-3.39093055130017473e-01
-3.40629891501742943e-01
-3.36989919083998779e-01
0.00000000000000000e+00
0.00000000000000000e+00
-3.40029229824285906e-01
0.00000000000000000e+00
0.00000000000000000e+00
-3.39153398574915277e-01
0.00000000000000000e+00
-3.40098026351481564e-01
-3.40225239209479335e-01
0.00000000000000000e+00
0.00000000000000000e+00
0.00000000000000000e+00
0.00000000000000000e+00
-3.41612382811536996e-01
-3.40548374827083278e-01
0.00000000000000000e+00
-3.41280105649908350e-01
-3.37813251538714998e-01
-3.37148709490398324e-01
0.00000000000000000e+00
0.00000000000000000e+00
-3.38991277549673231e-01
-3.39451169122817253e-01
-3.38413266524373257e-01
0.00000000000000000e+00
-3.40822369614438958e-01
-3.40081588959430636e-01
0.00000000000000000e+00
0.00000000000000000e+00
-3.39429747945708848e-01
-3.39330766218426894e-01
0.00000000000000000e+00
-3.41173564969974086e-01
0.00000000000000000e+00
-3.40315773276679723e-01
0.00000000000000000e+00
0.00000000000000000e+00
0.00000000000000000e+00
-3.41190508697290840e-01
-3.37780205077061191e-01
0.00000000000000000e+00
-3.38760598374747535e-01
-3.38485486041755324e-01
0.00000000000000000e+00
-3.40291446428812761e-01
-3.38111970275457363e-01
0.00000000000000000e+00
-3.40199606164723112e-01
-3.40215839434934386e-01
-3.39787953230537676e-01
-3.40033359790089529e-01
0.00000000000000000e+00
0.00000000000000000e+00
-3.39483448562486356e-01
0.00000000000000000e+00
0.00000000000000000e+00
-3.43560386478585889e-01
-3.39401499786129601e-01
-3.41055885119755264e-01
-3.36343829827699337e-01
0.00000000000000000e+00
-3.40646210216590639e-01
-3.40025155381543709e-01
0.00000000000000000e+00
0.00000000000000000e+00
-3.39834264345243720e-01
-3.39080218200863537e-01
0.00000000000000000e+00
0.00000000000000000e+00
-3.38792299177846534e-01
-3.40470920767605600e-01
-3.37104323023901697e-01
0.00000000000000000e+00
0.00000000000000000e+00
-3.39938302134465464e-01
0.00000000000000000e+00
0.00000000000000000e+00
-3.39024161993538464e-01
-3.38757899921013794e-01
0.00000000000000000e+00
-3.40248260222931864e-01
0.00000000000000000e+00
-3.40697530848759200e-01
0.00000000000000000e+00
0.00000000000000000e+00
-3.41573790837349067e-01
-3.40845664173424878e-01
0.00000000000000000e+00
-3.42144257793523809e-01
-3.39259560129411997e-01
0.00000000000000000e+00
0.00000000000000000e+00
0.00000000000000000e+00
-3.39302874518756847e-01
-3.39354239654831469e-01
-3.38797254455639019e-01
0.00000000000000000e+00
-3.40784207382515580e-01
-3.39790243271567316e-01
0.00000000000000000e+00
0.00000000000000000e+00
-3.40144431497887367e-01
-3.39880279565052568e-01
0.00000000000000000e+00
-3.42301600132717765e-01
-3.39766371728197292e-01
-3.40804033884968827e-01
0.00000000000000000e+00
0.00000000000000000e+00
-3.40823581061565739e-01
-3.40573842867532561e-01
0.00000000000000000e+00
-3.40436911143236154e-01
-3.38058427610978485e-01
-3.38322296256201416e-01
0.00000000000000000e+00
0.00000000000000000e+00
0.00000000000000000e+00
0.00000000000000000e+00
-3.40116329093587688e-01
-3.39617663792428970e-01
-3.40901870113460237e-01
-3.40295932459680983e-01
0.00000000000000000e+00
0.00000000000000000e+00
-3.39415564932388836e-01
0.00000000000000000e+00
0.00000000000000000e+00
-3.42967096204894406e-01
-3.39286705074093642e-01
-3.41557201839698954e-01
0.00000000000000000e+00
0.00000000000000000e+00
-3.40976190078282226e-01
-3.40283644702415233e-01
0.00000000000000000e+00
0.00000000000000000e+00
-3.39278045786944871e-01
-3.38775533819546115e-01
0.00000000000000000e+00
-3.41662244706612717e-01
-3.39154343641052292e-01
-3.40599768873470876e-01
-3.36193214741314583e-01
0.00000000000000000e+00
0.00000000000000000e+00
-3.40071579606265439e-01
0.00000000000000000e+00
0.00000000000000000e+00
-3.39669384462410739e-01
-3.39508652718502668e-01
-3.40495240338036298e-01
-3.40787531145458122e-01
0.00000000000000000e+00
0.00000000000000000e+00
-3.39482454037871639e-01
0.00000000000000000e+00
-3.42017177759811497e-01
-3.41229316057454712e-01
0.00000000000000000e+00
-3.42563730418391721e-01
-3.38851201405127145e-01
0.00000000000000000e+00
0.00000000000000000e+00
0.00000000000000000e+00
-3.38824703489248313e-01
-3.40385550151235394e-01
-3.37572071129049300e-01
0.00000000000000000e+00
-3.40257999336225525e-01
-3.39508123615617552e-01
0.00000000000000000e+00
0.00000000000000000e+00
-3.39995629437423730e-01
-3.39513994851516399e-01
0.00000000000000000e+00
-3.42283576634528464e-01
-3.39719264524176445e-01
-3.41157603168614654e-01
0.00000000000000000e+00
0.00000000000000000e+00
0.00000000000000000e+00
-3.42002645429844876e-01
-3.38859188457483751e-01
0.00000000000000000e+00
-3.38915894943471019e-01
-3.38655418805639319e-01
0.00000000000000000e+00
0.00000000000000000e+00
0.00000000000000000e+00
0.00000000000000000e+00
-3.39453468751655607e-01
-3.39675071995198308e-01
-3.41007307194803211e-01
-3.40000679567681485e-01
0.00000000000000000e+00
0.00000000000000000e+00
-3.39660779927247247e-01
0.00000000000000000e+00
0.00000000000000000e+00
-3.43243078484196829e-01
-3.39211495884599090e-01
-3.41143711342290656e-01
0.00000000000000000e+00
0.00000000000000000e+00
-3.41499512558993745e-01
-3.40641764579692752e-01
0.00000000000000000e+00
0.00000000000000000e+00
-3.39891820921982168e-01
-3.39098467035198470e-01
0.00000000000000000e+00
0.00000000000000000e+00
-3.38766165340940117e-01
-3.41201292975609249e-01
-3.37584091481669624e-01
0.00000000000000000e+00
0.00000000000000000e+00
-3.40331157349412439e-01
0.00000000000000000e+00
0.00000000000000000e+00
-3.39001900625971631e-01
-3.38071679003995484e-01
-3.39877587029165262e-01
-3.40253949333428285e-01
0.00000000000000000e+00
0.00000000000000000e+00
0.00000000000000000e+00
0.00000000000000000e+00
-3.41816035203918844e-01
-3.41859258206887784e-01
-3.38379211753422282e-01
0.00000000000000000e+00
-3.39212164993876297e-01
-3.37500095609382267e-01
0.00000000000000000e+00
0.00000000000000000e+00
-3.39198485586474086e-01
-3.40519536604381223e-01
-3.38272224798690679e-01
0.00000000000000000e+00
-3.40513754437846761e-01
-3.39470890263866953e-01
0.00000000000000000e+00
0.00000000000000000e+00
-3.40007284040458491e-01
-3.39937517201915118e-01
-3.39881055803964383e-01
-3.41823238751876535e-01
-3.39205915278613157e-01
-3.40606156631345580e-01
0.00000000000000000e+00
0.00000000000000000e+00
0.00000000000000000e+00
-3.40655374542572775e-01
-3.36954367313982539e-01
0.00000000000000000e+00
-3.38798840322506511e-01
-3.38521885541961998e-01
0.00000000000000000e+00
0.00000000000000000e+00
0.00000000000000000e+00
0.00000000000000000e+00
-3.39970878942882637e-01
-3.39745277069309126e-01
-3.41420062309951144e-01
-3.40418797715787036e-01
0.00000000000000000e+00
0.00000000000000000e+00
-3.39393998605685754e-01
0.00000000000000000e+00
0.00000000000000000e+00
-3.42691293379298767e-01
-3.39826655029415392e-01
-3.41467817369615456e-01
0.00000000000000000e+00
0.00000000000000000e+00
-3.40438041906602207e-01
-3.40125838491665999e-01
0.00000000000000000e+00
0.00000000000000000e+00
-3.40103963112496577e-01
-3.39490531173132826e-01
0.00000000000000000e+00
0.00000000000000000e+00
-3.38865065341889760e-01
-3.40451881836099368e-01
-3.37098642220499067e-01
0.00000000000000000e+00
0.00000000000000000e+00
-3.39840143207767620e-01
0.00000000000000000e+00
0.00000000000000000e+00
-3.39150520385511800e-01
-3.38976553466576735e-01
-3.39957236116510075e-01
-3.40500422395734748e-01
0.00000000000000000e+00
0.00000000000000000e+00
0.00000000000000000e+00
0.00000000000000000e+00
-3.41828400127525078e-01
-3.40918460434473658e-01
0.00000000000000000e+00
-3.42251611101433040e-01
-3.38454513766552056e-01
0.00000000000000000e+00
0.00000000000000000e+00
0.00000000000000000e+00
-3.39419929078433602e-01
0.00000000000000000e+00
-3.39127106804257450e-01
0.00000000000000000e+00
-3.41100212529737989e-01
-3.40185618150265712e-01
0.00000000000000000e+00
0.00000000000000000e+00
-3.39918939317256030e-01
-3.39535033339258163e-01
0.00000000000000000e+00
-3.42053985322784526e-01
-3.39589892319590692e-01
-3.40985335328155836e-01
0.00000000000000000e+00
0.00000000000000000e+00
-3.40856077200510976e-01
-3.41428481438190878e-01
-3.37769211354382204e-01
0.00000000000000000e+00
-3.38722850845351087e-01
-3.38487410803554267e-01
0.00000000000000000e+00
-3.39244096067053635e-01
0.00000000000000000e+00
0.00000000000000000e+00
-3.39905428571835533e-01
-3.40058974349010390e-01
0.00000000000000000e+00
-3.39822544067198973e-01
0.00000000000000000e+00
0.00000000000000000e+00
-3.39552032978400420e-01
0.00000000000000000e+00
0.00000000000000000e+00
-3.43505653151985335e-01
-3.39315373181415691e-01
-3.40981509729349541e-01
-3.37367826274809546e-01
0.00000000000000000e+00
-3.40772496728326435e-01
-3.40143599081492720e-01
0.00000000000000000e+00
0.00000000000000000e+00
-3.39160477522264137e-01
-3.38660908687948681e-01
0.00000000000000000e+00
0.00000000000000000e+00
-3.38702393489969833e-01
-3.41221893536910126e-01
-3.37754646894859789e-01
0.00000000000000000e+00
0.00000000000000000e+00
-3.40305404089002672e-01
0.00000000000000000e+00
0.00000000000000000e+00
-3.39139136369221328e-01
-3.38961554210009508e-01
0.00000000000000000e+00
-3.40523048703327391e-01
0.00000000000000000e+00
0.00000000000000000e+00
0.00000000000000000e+00
0.00000000000000000e+00
-3.41909283597017666e-01
-3.41590897032662266e-01
0.00000000000000000e+00
0.00000000000000000e+00
-3.39358753148713332e-01
0.00000000000000000e+00
0.00000000000000000e+00
0.00000000000000000e+00
-3.38957865565131078e-01
-3.40495511488658420e-01
-3.37524765166342278e-01
0.00000000000000000e+00
-3.40181070620376502e-01
-3.39280724822930979e-01
0.00000000000000000e+00
0.00000000000000000e+00
-3.40460274978721444e-01
-3.39990056839733545e-01
0.00000000000000000e+00
-3.42975012426059045e-01
-3.40087669637215817e-01
-3.41209694203022662e-01
0.00000000000000000e+00
0.00000000000000000e+00
0.00000000000000000e+00
-3.40444466002015333e-01
0.00000000000000000e+00
0.00000000000000000e+00
-3.38494537492612713e-01
-3.38745067066557659e-01
0.00000000000000000e+00
0.00000000000000000e+00
0.00000000000000000e+00
0.00000000000000000e+00
-3.39631191183104697e-01
0.00000000000000000e+00
-3.41499108706534049e-01
-3.40507717347351968e-01
0.00000000000000000e+00
0.00000000000000000e+00
-3.39589403348436736e-01
0.00000000000000000e+00
0.00000000000000000e+00
-3.43042030875289061e-01
-3.39221638365092781e-01
-3.41541127274398615e-01
0.00000000000000000e+00
0.00000000000000000e+00
-3.41072229653412273e-01
-3.40338248184441972e-01
0.00000000000000000e+00
0.00000000000000000e+00
-3.39366348163329667e-01
-3.38852410568479145e-01
0.00000000000000000e+00
-3.41868443008330969e-01
-3.39257691918642523e-01
-3.40609483865921325e-01
-3.36420546009722654e-01
0.00000000000000000e+00
0.00000000000000000e+00
-3.40080460149350561e-01
0.00000000000000000e+00
0.00000000000000000e+00
-3.39468817392144073e-01
0.00000000000000000e+00
-3.40165656502820379e-01
-3.39974229569149966e-01
0.00000000000000000e+00
0.00000000000000000e+00
0.00000000000000000e+00
0.00000000000000000e+00
-3.41279369562365598e-01
-3.40708346601436785e-01
0.00000000000000000e+00
-3.40818321688700188e-01
-3.38124232714961559e-01
-3.38016345658215478e-01
0.00000000000000000e+00
0.00000000000000000e+00
-3.39174494578301955e-01
-3.39610205240161112e-01
-3.38568668429710340e-01
0.00000000000000000e+00
-3.40679731305996547e-01
-3.39710012968443331e-01
0.00000000000000000e+00
0.00000000000000000e+00
-3.39287949841617531e-01
-3.38945371610783586e-01
0.00000000000000000e+00
-3.41144700932702327e-01
0.00000000000000000e+00
-3.40627815367903819e-01
0.00000000000000000e+00
0.00000000000000000e+00
0.00000000000000000e+00
-3.41976079920029985e-01
-3.38460913791124307e-01
0.00000000000000000e+00
-3.38979381125570745e-01
-3.38743114521473487e-01
0.00000000000000000e+00
0.00000000000000000e+00
-3.37883877066513794e-01
0.00000000000000000e+00
-3.40156547057759773e-01
-3.40212887615348514e-01
-3.41137349761089725e-01
-3.40435469503087729e-01
0.00000000000000000e+00
0.00000000000000000e+00
-3.39524694746841937e-01
0.00000000000000000e+00
0.00000000000000000e+00
-3.43469683240750001e-01
-3.39504667107547842e-01
-3.41062212923019970e-01
-3.35458022011066281e-01
0.00000000000000000e+00
-3.40506027789386989e-01
-3.39899059426321926e-01
0.00000000000000000e+00
0.00000000000000000e+00
-3.39817843809268605e-01
-3.39068545118365039e-01
0.00000000000000000e+00
0.00000000000000000e+00
-3.38777880694235811e-01
-3.40820912925000885e-01
-3.37334981650419419e-01
0.00000000000000000e+00
0.00000000000000000e+00
-3.40279654606278792e-01
0.00000000000000000e+00
0.00000000000000000e+00
-3.38998764649834861e-01
-3.38520333151110409e-01
-3.39454833458959715e-01
-3.40264903722564072e-01
0.00000000000000000e+00
-3.40880103877933494e-01
0.00000000000000000e+00
0.00000000000000000e+00
-3.41652260015640641e-01
-3.40881738117628508e-01
0.00000000000000000e+00
-3.43250088374464635e-01
-3.39258607386479116e-01
0.00000000000000000e+00
0.00000000000000000e+00
0.00000000000000000e+00
-3.39364725252476795e-01
-3.39952185896430559e-01
-3.39240721673891743e-01
-3.39671467618794520e-01
-3.40839433041301265e-01
-3.39827709410287837e-01
0.00000000000000000e+00
0.00000000000000000e+00
-3.40136752383364049e-01
-3.39964113589334094e-01
0.00000000000000000e+00
-3.42861178582834880e-01
-3.39646456443209843e-01
-3.40730117444661862e-01
-3.35523464804468707e-01
0.00000000000000000e+00
0.00000000000000000e+00
-3.41002586416662534e-01
-3.37032094444912778e-01
0.00000000000000000e+00
-3.38469795913495630e-01
-3.38544162011976957e-01
0.00000000000000000e+00
0.00000000000000000e+00
0.00000000000000000e+00
0.00000000000000000e+00
-3.40201310815386349e-01
-3.40058683130325556e-01
-3.40929877172281237e-01
-3.40406208003906419e-01
0.00000000000000000e+00
0.00000000000000000e+00
-3.39488378727205609e-01
0.00000000000000000e+00
0.00000000000000000e+00
-3.42698034418770781e-01
-3.39311907963957993e-01
-3.41616559515038165e-01
0.00000000000000000e+00
0.00000000000000000e+00
-3.40801999184549564e-01
-3.40180547488201701e-01
0.00000000000000000e+00
0.00000000000000000e+00
-3.39021480473575221e-01
-3.38671526057033490e-01
0.00000000000000000e+00
-3.40375870012954107e-01
-3.38872444802903183e-01
-3.40677341936437061e-01
-3.36929936583412859e-01
0.00000000000000000e+00
0.00000000000000000e+00
-3.39875254489588885e-01
0.00000000000000000e+00
0.00000000000000000e+00
-3.39104668234347206e-01
-3.39119492749965279e-01
-3.39478638457771653e-01
-3.40554908623614205e-01
0.00000000000000000e+00
0.00000000000000000e+00
0.00000000000000000e+00
0.00000000000000000e+00
-3.41777472970425267e-01
-3.40714820029236531e-01
0.00000000000000000e+00
-3.41808049095763400e-01
-3.38078525405896557e-01
0.00000000000000000e+00
0.00000000000000000e+00
0.00000000000000000e+00
-3.38850571831474934e-01
-3.40532848398793553e-01
-3.37669935756580830e-01
0.00000000000000000e+00
-3.40259160344592027e-01
-3.39628109830937719e-01
0.00000000000000000e+00
0.00000000000000000e+00
-3.40457419395426730e-01
-3.39948113719905853e-01
0.00000000000000000e+00
-3.42983118686145894e-01
-3.40121857755639523e-01
-3.41345026239666838e-01
0.00000000000000000e+00
0.00000000000000000e+00
0.00000000000000000e+00
-3.41534595694088561e-01
-3.38319499902660192e-01
0.00000000000000000e+00
-3.38646502551934681e-01
-3.38543175014575592e-01
0.00000000000000000e+00
-3.39133056477752659e-01
0.00000000000000000e+00
0.00000000000000000e+00
-3.39776965458810920e-01
-3.40085659511111804e-01
-3.40856804903439503e-01
-3.39970537496729841e-01
0.00000000000000000e+00
0.00000000000000000e+00
-3.39591269963394338e-01
0.00000000000000000e+00
0.00000000000000000e+00
-3.43388960447622515e-01
-3.39476037819219256e-01
-3.41218038038477334e-01
-3.38359975022833714e-01
0.00000000000000000e+00
-3.41426587919462510e-01
-3.40705432778005302e-01
0.00000000000000000e+00
0.00000000000000000e+00
-3.39725540290330141e-01
-3.39003259139251001e-01
0.00000000000000000e+00
0.00000000000000000e+00
-3.39037701876276520e-01
-3.40854913399220083e-01
-3.37310438672431712e-01
0.00000000000000000e+00
0.00000000000000000e+00
-3.40163318614055465e-01
0.00000000000000000e+00
0.00000000000000000e+00
-3.39263942374938066e-01
-3.37997954432317282e-01
-3.39287184038701228e-01
-3.40210764228817297e-01
0.00000000000000000e+00
0.00000000000000000e+00
0.00000000000000000e+00
0.00000000000000000e+00
-3.41838478083422714e-01
-3.41833072435796748e-01
-3.38624234563207060e-01
0.00000000000000000e+00
-3.39411370533656775e-01
0.00000000000000000e+00
0.00000000000000000e+00
0.00000000000000000e+00
-3.38957400855355251e-01
-3.40402664741952132e-01
-3.37799162618881432e-01
0.00000000000000000e+00
-3.40304196191288266e-01
-3.39377257487676554e-01
0.00000000000000000e+00
0.00000000000000000e+00
-3.39552259255007871e-01
-3.39570345699084120e-01
-3.39342011731980475e-01
-3.41215807987267750e-01
0.00000000000000000e+00
-3.40327293709258738e-01
0.00000000000000000e+00
0.00000000000000000e+00
0.00000000000000000e+00
-3.40587398758916471e-01
-3.36298326574568152e-01
0.00000000000000000e+00
-3.39428198798519709e-01
-3.38802222975298661e-01
0.00000000000000000e+00
0.00000000000000000e+00
-3.38474479690937247e-01
0.00000000000000000e+00
-3.40054227836266709e-01
-3.39487872949170599e-01
-3.41466802473125719e-01
-3.40425369698509506e-01
0.00000000000000000e+00
0.00000000000000000e+00
-3.39550810627194166e-01
0.00000000000000000e+00
0.00000000000000000e+00
-3.42924937429399446e-01
-3.39640684577356411e-01
-3.41533390756694366e-01
0.00000000000000000e+00
0.00000000000000000e+00
-3.40682754569796575e-01
-3.40089036557804814e-01
0.00000000000000000e+00
0.00000000000000000e+00
-3.39864172773876427e-01
-3.39140593038308902e-01
0.00000000000000000e+00
-3.43361312001494112e-01
-3.39338937118191519e-01
-3.40656580485441451e-01
-3.36281357493467548e-01
0.00000000000000000e+00
0.00000000000000000e+00
-3.40052607758332071e-01
0.00000000000000000e+00
0.00000000000000000e+00
-3.39599015622455314e-01
-3.38472265942760475e-01
-3.40443153582108970e-01
-3.40175512488347265e-01
0.00000000000000000e+00
0.00000000000000000e+00
-3.39486073215724882e-01
0.00000000000000000e+00
-3.41880036940960030e-01
-3.41141924704766730e-01
0.00000000000000000e+00
-3.43028209807349493e-01
-3.39095563446497827e-01
0.00000000000000000e+00
0.00000000000000000e+00
0.00000000000000000e+00
-3.39346870367704723e-01
0.00000000000000000e+00
-3.38957570090648419e-01
0.00000000000000000e+00
-3.40962772281545645e-01
-3.40040674112391139e-01
0.00000000000000000e+00
0.00000000000000000e+00
-3.39706286149450420e-01
-3.39353401772739760e-01
0.00000000000000000e+00
-3.41760771404025165e-01
-3.39128979214185000e-01
-3.40852173553530091e-01
0.00000000000000000e+00
0.00000000000000000e+00
-3.41205631727323822e-01
-3.42271728476442327e-01
-3.39252582455100316e-01
0.00000000000000000e+00
-3.39219697221726402e-01
-3.38302245000495772e-01
0.00000000000000000e+00
0.00000000000000000e+00
0.00000000000000000e+00
0.00000000000000000e+00
-3.40239085262956764e-01
-3.40360328881568419e-01
0.00000000000000000e+00
-3.40272490876228850e-01
0.00000000000000000e+00
0.00000000000000000e+00
-3.39391742129013629e-01
0.00000000000000000e+00
0.00000000000000000e+00
-3.43453159087463156e-01
-3.39452734638133136e-01
-3.41510670222211044e-01
0.00000000000000000e+00
0.00000000000000000e+00
-3.41162253875236632e-01
-3.40425838072678233e-01
0.00000000000000000e+00
0.00000000000000000e+00
-3.39778711858712723e-01
-3.38963938247678342e-01
0.00000000000000000e+00
0.00000000000000000e+00
-3.38869606348557839e-01
-3.41551845653337127e-01
-3.37919349347486520e-01
0.00000000000000000e+00
0.00000000000000000e+00
-3.40489231396599368e-01
0.00000000000000000e+00
0.00000000000000000e+00
-3.39135893409885092e-01
-3.39126300744330367e-01
-3.38442987602320056e-01
-3.40615915540745440e-01
0.00000000000000000e+00
0.00000000000000000e+00
0.00000000000000000e+00
0.00000000000000000e+00
-3.42008152983967140e-01
-3.41423938063931842e-01
0.00000000000000000e+00
-3.42426188071998372e-01
-3.39237329770226970e-01
0.00000000000000000e+00
0.00000000000000000e+00
-3.43218494013800668e-01
-3.39074673697130957e-01
-3.40614111172711953e-01
-3.37192275590660284e-01
0.00000000000000000e+00
-3.40134668796551187e-01
-3.39291264491790145e-01
0.00000000000000000e+00
0.00000000000000000e+00
-3.40312601960380323e-01
-3.39961022817501179e-01
0.00000000000000000e+00
-3.43056980640442544e-01
-3.39825180371909119e-01
-3.40909447182649095e-01
-3.34668415048033574e-01
0.00000000000000000e+00
0.00000000000000000e+00
-3.40627883279395249e-01
-3.36160642513053554e-01
0.00000000000000000e+00
-3.38402572383179556e-01
-3.38595421105478300e-01
0.00000000000000000e+00
0.00000000000000000e+00
0.00000000000000000e+00
0.00000000000000000e+00
-3.39468608618505419e-01
0.00000000000000000e+00
-3.41184614373127637e-01
-3.40169239552111868e-01
0.00000000000000000e+00
0.00000000000000000e+00
-3.39294433725831623e-01
0.00000000000000000e+00
0.00000000000000000e+00
-3.42066472252685883e-01
-3.38479377167413664e-01
-3.41493832350705462e-01
0.00000000000000000e+00
0.00000000000000000e+00
-3.41270792495553865e-01
-3.40417918985329471e-01
0.00000000000000000e+00
0.00000000000000000e+00
-3.39621367263379770e-01
-3.39147787002501977e-01
0.00000000000000000e+00
0.00000000000000000e+00
-3.39024044952210390e-01
-3.40633899504890370e-01
-3.37061366921114658e-01
0.00000000000000000e+00
0.00000000000000000e+00
-3.40002092235786535e-01
0.00000000000000000e+00
0.00000000000000000e+00
-3.39218308394592494e-01
0.00000000000000000e+00
-3.40117873320766873e-01
-3.40199260304427376e-01
0.00000000000000000e+00
0.00000000000000000e+00
0.00000000000000000e+00
0.00000000000000000e+00
-3.41620190009218061e-01
-3.40652906381016807e-01
0.00000000000000000e+00
-3.41325217223028499e-01
-3.37980955394181271e-01
-3.37297129344973634e-01
0.00000000000000000e+00
0.00000000000000000e+00
-3.39004424044380692e-01
-3.39574171262296942e-01
-3.38408257981501370e-01
0.00000000000000000e+00
-3.40766039093586992e-01
-3.39974724825886587e-01
0.00000000000000000e+00
0.00000000000000000e+00
-3.39361658300301072e-01
-3.39193354893523535e-01
0.00000000000000000e+00
-3.41083940579460843e-01
0.00000000000000000e+00
-3.40355294787375751e-01
0.00000000000000000e+00
0.00000000000000000e+00
0.00000000000000000e+00
-3.41010797056704618e-01
-3.37691886128926866e-01
0.00000000000000000e+00
-3.38549065971253893e-01
-3.38421902367889660e-01
0.00000000000000000e+00
-3.40133132902890101e-01
0.00000000000000000e+00
0.00000000000000000e+00
-3.39833388962997418e-01
-3.40090049714527221e-01
-3.40243292713936329e-01
-3.39753905820732560e-01
0.00000000000000000e+00
0.00000000000000000e+00
-3.39485309186053963e-01
0.00000000000000000e+00
0.00000000000000000e+00
-3.43483024857692276e-01
-3.39415035516139274e-01
-3.40802675194379012e-01
-3.35852248003320142e-01
0.00000000000000000e+00
-3.40436322264255631e-01
-3.39894391413676722e-01
0.00000000000000000e+00
0.00000000000000000e+00
-3.39924251347104134e-01
-3.39139227287472922e-01
0.00000000000000000e+00
0.00000000000000000e+00
-3.38766768074809044e-01
-3.40439102646526881e-01
-3.37269550472201030e-01
0.00000000000000000e+00
0.00000000000000000e+00
-3.40059766728290025e-01
0.00000000000000000e+00
0.00000000000000000e+00
-3.39054981005509959e-01
-3.38843912929663482e-01
0.00000000000000000e+00
-3.40295875860434249e-01
0.00000000000000000e+00
0.00000000000000000e+00
0.00000000000000000e+00
0.00000000000000000e+00
-3.41833240189772070e-01
-3.41146975260783802e-01
0.00000000000000000e+00
-3.42724759342370122e-01
-3.39284512491460022e-01
0.00000000000000000e+00
0.00000000000000000e+00
0.00000000000000000e+00
-3.39392296269827531e-01
-3.39621796596989434e-01
-3.39130476070286457e-01
-3.39196096913627509e-01
-3.40896923367893956e-01
-3.39865034731462845e-01
0.00000000000000000e+00
0.00000000000000000e+00
-3.40216567816195525e-01
-3.39823908886796366e-01
0.00000000000000000e+00
-3.42423247515131979e-01
-3.39988138893954461e-01
-3.41055220615070986e-01
0.00000000000000000e+00
0.00000000000000000e+00
0.00000000000000000e+00
-3.40318618042846854e-01
0.00000000000000000e+00
-3.40176035750409944e-01
-3.37986499585920808e-01
-3.38716090838051598e-01
0.00000000000000000e+00
0.00000000000000000e+00
0.00000000000000000e+00
0.00000000000000000e+00
-3.39951151545291430e-01
0.00000000000000000e+00
-3.41529076773827822e-01
-3.40403929795273341e-01
0.00000000000000000e+00
0.00000000000000000e+00
-3.39537741466856224e-01
0.00000000000000000e+00
0.00000000000000000e+00
-3.43270165421672102e-01
-3.39541058483920910e-01
-3.41461863162263290e-01
0.00000000000000000e+00
0.00000000000000000e+00
-3.40747648353544652e-01
-3.40158160109846730e-01
0.00000000000000000e+00
0.00000000000000000e+00
-3.38931058814894881e-01
-3.38595630584451579e-01
0.00000000000000000e+00
-3.40455832337823394e-01
-3.38680438584612498e-01
-3.40633109769513942e-01
-3.36738347544322691e-01
0.00000000000000000e+00
0.00000000000000000e+00
-3.40091146955736057e-01
0.00000000000000000e+00
0.00000000000000000e+00
-3.39761164170287178e-01
-3.39745115417556753e-01
-3.40363979537151307e-01
-3.41123308569523220e-01
0.00000000000000000e+00
0.00000000000000000e+00
-3.39305954406613708e-01
0.00000000000000000e+00
-3.41981268951906725e-01
-3.41144858090718650e-01
0.00000000000000000e+00
-3.42194241024361800e-01
-3.38648695603492644e-01
0.00000000000000000e+00
0.00000000000000000e+00
0.00000000000000000e+00
-3.38882982342603223e-01
-3.40292114034448423e-01
-3.37815560945610938e-01
0.00000000000000000e+00
-3.40388459205853033e-01
-3.39586100028641757e-01
0.00000000000000000e+00
0.00000000000000000e+00
-3.40091884325878058e-01
-3.39561125347899895e-01
0.00000000000000000e+00
-3.42450790812016348e-01
-3.39823050899805079e-01
-3.41256477881227371e-01
0.00000000000000000e+00
0.00000000000000000e+00
0.00000000000000000e+00
-3.42217806359809418e-01
-3.38999047416959132e-01
0.00000000000000000e+00
-3.38940479364335967e-01
-3.38709555799462270e-01
0.00000000000000000e+00
0.00000000000000000e+00
0.00000000000000000e+00
0.00000000000000000e+00
-3.39653784868506059e-01
-3.39678632105916978e-01
-3.41177098574550808e-01
-3.40171745107958556e-01
0.00000000000000000e+00
0.00000000000000000e+00
-3.39722226731209997e-01
0.00000000000000000e+00
0.00000000000000000e+00
-3.43512692608282377e-01
-3.39461514436686651e-01
-3.41461566163708763e-01
-3.37391271414797744e-01
0.00000000000000000e+00
-3.41334023366232531e-01
-3.40601655313558294e-01
0.00000000000000000e+00
0.00000000000000000e+00
-3.39794027417953726e-01
-3.38994760004385720e-01
0.00000000000000000e+00
0.00000000000000000e+00
-3.38960065033602931e-01
-3.41231960715716265e-01
-3.37641437938361932e-01
0.00000000000000000e+00
0.00000000000000000e+00
-3.40243247698872764e-01
0.00000000000000000e+00
0.00000000000000000e+00
-3.39279355756331502e-01
-3.37121591849653457e-01
-3.40065298335114952e-01
-3.40316574150838658e-01
0.00000000000000000e+00
0.00000000000000000e+00
0.00000000000000000e+00
0.00000000000000000e+00
-3.41753732127378196e-01
-3.41491206519413504e-01
0.00000000000000000e+00
0.00000000000000000e+00
-3.38881315911949810e-01
-3.37747860979600301e-01
0.00000000000000000e+00
-3.43053120616841956e-01
-3.39358064060206854e-01
-3.40890943021938453e-01
-3.38252925217133515e-01
-3.38391185022454521e-01
-3.40519687369339852e-01
-3.39467785099152208e-01
0.00000000000000000e+00
0.00000000000000000e+00
-3.40049582004588458e-01
-3.40017156827505218e-01
-3.40204432720450978e-01
-3.41847330740613187e-01
-3.39231020237336034e-01
-3.40608678275651222e-01
-3.35473232551569356e-01
0.00000000000000000e+00
0.00000000000000000e+00
-3.40778371873334707e-01
-3.37316084946170491e-01
0.00000000000000000e+00
-3.38715101656133111e-01
-3.38457407333308424e-01
0.00000000000000000e+00
0.00000000000000000e+00
-3.37587090743141693e-01
0.00000000000000000e+00
-3.39946641453978238e-01
-3.39346261318436704e-01
-3.41538469089149532e-01
-3.40441562874178150e-01
0.00000000000000000e+00
0.00000000000000000e+00
-3.39476784502597939e-01
0.00000000000000000e+00
0.00000000000000000e+00
-3.42843930902699767e-01
-3.39894111529214560e-01
-3.41481497093430342e-01
0.00000000000000000e+00
0.00000000000000000e+00
-3.40503123521608442e-01
-3.40112586323941202e-01
0.00000000000000000e+00
0.00000000000000000e+00
-3.39713300479921487e-01
-3.39166173899462686e-01
0.00000000000000000e+00
0.00000000000000000e+00
-3.39055775184510133e-01
-3.40556509928815587e-01
-3.36913986199173898e-01
0.00000000000000000e+00
0.00000000000000000e+00
-3.39925811714950121e-01
0.00000000000000000e+00
0.00000000000000000e+00
-3.39037219656998567e-01
-3.38085692209407818e-01
-3.39975134886059627e-01
-3.40260226585925141e-01
0.00000000000000000e+00
-3.41012879441454975e-01
0.00000000000000000e+00
0.00000000000000000e+00
-3.41584251090933100e-01
-3.40744170770822918e-01
0.00000000000000000e+00
-3.42161644449334834e-01
-3.38485127008095132e-01
0.00000000000000000e+00
0.00000000000000000e+00
0.00000000000000000e+00
-3.39490100191677080e-01
0.00000000000000000e+00
-3.39407463964389533e-01
0.00000000000000000e+00
-3.41349889172399001e-01
-3.40436811438164066e-01
0.00000000000000000e+00
0.00000000000000000e+00
-3.40246728951509425e-01
-3.39800963572409520e-01
0.00000000000000000e+00
-3.42522116244335040e-01
-3.40060819843474305e-01
-3.41194724506324265e-01
0.00000000000000000e+00
0.00000000000000000e+00
0.00000000000000000e+00
-3.41683624531860020e-01
-3.38409254483144462e-01
0.00000000000000000e+00
-3.38816084032061204e-01
-3.38610823052878762e-01
0.00000000000000000e+00
-3.38975536062076088e-01
0.00000000000000000e+00
0.00000000000000000e+00
-3.40057467977835037e-01
-3.40204012352430529e-01
0.00000000000000000e+00
-3.40074486635960460e-01
0.00000000000000000e+00
0.00000000000000000e+00
-3.39517376570677043e-01
0.00000000000000000e+00
0.00000000000000000e+00
-3.43579687949255919e-01
-3.39482061434433324e-01
-3.41326522062622928e-01
-3.37186920892980135e-01
0.00000000000000000e+00
-3.41038421638758138e-01
-3.40357235396232749e-01
0.00000000000000000e+00
0.00000000000000000e+00
-3.39594772528460598e-01
-3.38892438360530790e-01
0.00000000000000000e+00
0.00000000000000000e+00
-3.38975206527408701e-01
-3.40923030010292893e-01
-3.37399697898868811e-01
0.00000000000000000e+00
0.00000000000000000e+00
-3.39965962104354980e-01
0.00000000000000000e+00
0.00000000000000000e+00
-3.38992748303463654e-01
-3.38779679623759433e-01
0.00000000000000000e+00
-3.40299890978412511e-01
0.00000000000000000e+00
0.00000000000000000e+00
0.00000000000000000e+00
0.00000000000000000e+00
-3.41735374492226462e-01
-3.41373656080543875e-01
0.00000000000000000e+00
0.00000000000000000e+00
-3.39340730185932860e-01
0.00000000000000000e+00
0.00000000000000000e+00
0.00000000000000000e+00
-3.38829401927821350e-01
-3.40425487793910853e-01
-3.37315232644910257e-01
0.00000000000000000e+00
-3.40055836969650804e-01
-3.39259303331251927e-01
0.00000000000000000e+00
0.00000000000000000e+00
-3.40450013117430617e-01
-3.40027420260935631e-01
0.00000000000000000e+00
-3.43264009192384145e-01
-3.39752115729504367e-01
-3.41003753338953997e-01
-3.34513296151573325e-01
0.00000000000000000e+00
0.00000000000000000e+00
-3.40556508788783963e-01
-3.36147061036123240e-01
0.00000000000000000e+00
-3.38667871973617751e-01
-3.38606846539231177e-01
0.00000000000000000e+00
0.00000000000000000e+00
0.00000000000000000e+00
0.00000000000000000e+00
-3.39751697261831409e-01
0.00000000000000000e+00
-3.41576906212224307e-01
-3.40494354282510514e-01
0.00000000000000000e+00
0.00000000000000000e+00
-3.39567855515343187e-01
0.00000000000000000e+00
0.00000000000000000e+00
-3.42922416714338874e-01
-3.39061343659959324e-01
-3.41460408911481328e-01
0.00000000000000000e+00
0.00000000000000000e+00
-3.41279578539163131e-01
-3.40514937813571616e-01
0.00000000000000000e+00
0.00000000000000000e+00
-3.39542374517226520e-01
-3.38964900045602480e-01
0.00000000000000000e+00
-3.42384695162880448e-01
-3.39377166198941704e-01
-3.40617001148389109e-01
-3.36319965490359307e-01
0.00000000000000000e+00
0.00000000000000000e+00
-3.40055260283945893e-01
0.00000000000000000e+00
0.00000000000000000e+00
-3.39620762418498978e-01
0.00000000000000000e+00
-3.40167217249055021e-01
-3.39724025488241432e-01
0.00000000000000000e+00
0.00000000000000000e+00
-3.39439559251729084e-01
0.00000000000000000e+00
-3.41947114982240397e-01
-3.41195179947590577e-01
0.00000000000000000e+00
-3.41920859306297453e-01
-3.38678808093095973e-01
0.00000000000000000e+00
0.00000000000000000e+00
0.00000000000000000e+00
-3.38937915973389570e-01
-3.40101249584728482e-01
-3.38070960642857243e-01
0.00000000000000000e+00
-3.40532690135834759e-01
-3.39716759818388614e-01
0.00000000000000000e+00
0.00000000000000000e+00
-3.39183336275500513e-01
-3.38962681793892828e-01
0.00000000000000000e+00
-3.40692686406234291e-01
0.00000000000000000e+00
-3.40251108402494451e-01
0.00000000000000000e+00
0.00000000000000000e+00
0.00000000000000000e+00
-3.41451103277716828e-01
-3.38046022476470698e-01
0.00000000000000000e+00
-3.38745336320577795e-01
-3.38522832062525758e-01
0.00000000000000000e+00
0.00000000000000000e+00
-3.37848468525820178e-01
0.00000000000000000e+00
-3.40229841498738750e-01
-3.40305232849692607e-01
-3.40466435522992994e-01
-3.40204479982941399e-01
0.00000000000000000e+00
0.00000000000000000e+00
-3.39612791151541027e-01
0.00000000000000000e+00
0.00000000000000000e+00
-3.43272831252637856e-01
-3.39705126982972727e-01
-3.41326533777184415e-01
0.00000000000000000e+00
0.00000000000000000e+00
-3.40544956599973303e-01
-3.39887128551599083e-01
0.00000000000000000e+00
0.00000000000000000e+00
-3.39934292714579700e-01
-3.39200673306405909e-01
0.00000000000000000e+00
0.00000000000000000e+00
-3.38764843570374286e-01
-3.40915195645231262e-01
-3.37445061455496464e-01
0.00000000000000000e+00
0.00000000000000000e+00
-3.40359987741573278e-01
0.00000000000000000e+00
0.00000000000000000e+00
-3.38975312564048392e-01
-3.38558156690745071e-01
-3.39601563036113219e-01
-3.40278079141204060e-01
0.00000000000000000e+00
-3.40723348294656281e-01
0.00000000000000000e+00
0.00000000000000000e+00
-3.41640051646740550e-01
-3.40853710524014364e-01
0.00000000000000000e+00
-3.43181241644091140e-01
-3.39287664228873409e-01
0.00000000000000000e+00
0.00000000000000000e+00
0.00000000000000000e+00
-3.39318088249931094e-01
-3.40438441635269151e-01
-3.38644214631264484e-01
0.00000000000000000e+00
-3.40675667250360747e-01
-3.39612931167113385e-01
0.00000000000000000e+00
0.00000000000000000e+00
-3.40097655257272924e-01
-3.39931255550743605e-01
0.00000000000000000e+00
-3.42182577158065604e-01
-3.39576460455841334e-01
-3.40699412636781107e-01
0.00000000000000000e+00
0.00000000000000000e+00
-3.41246519648511548e-01
-3.40834645744061582e-01
0.00000000000000000e+00
-3.40646084002071581e-01
-3.38262522069126381e-01
-3.38110834627254275e-01
0.00000000000000000e+00
0.00000000000000000e+00
0.00000000000000000e+00
0.00000000000000000e+00
-3.40236606405450448e-01
-3.40282133174707069e-01
0.00000000000000000e+00
-3.40297939078893663e-01
0.00000000000000000e+00
0.00000000000000000e+00
-3.39371318769038866e-01
-3.37436729775068944e-01
0.00000000000000000e+00
-3.42341631311010697e-01
-3.38900521209691663e-01
-3.41681007843521678e-01
0.00000000000000000e+00
0.00000000000000000e+00
-3.40966295341882886e-01
-3.40232309930368904e-01
0.00000000000000000e+00
0.00000000000000000e+00
-3.39239145206198023e-01
-3.38851214315843530e-01
0.00000000000000000e+00
0.00000000000000000e+00
-3.39097545915651333e-01
-3.40739161084850029e-01
-3.37102486816084512e-01
0.00000000000000000e+00
0.00000000000000000e+00
-3.39987953029827150e-01
0.00000000000000000e+00
0.00000000000000000e+00
-3.39356542781880599e-01
-3.39423629407932526e-01
-3.39554497687026502e-01
-3.40913013277296506e-01
0.00000000000000000e+00
0.00000000000000000e+00
0.00000000000000000e+00
0.00000000000000000e+00
-3.41836801702172732e-01
-3.40745246901998866e-01
0.00000000000000000e+00
-3.41794426080376690e-01
-3.38068002288063274e-01
0.00000000000000000e+00
0.00000000000000000e+00
0.00000000000000000e+00
-3.38876379562991548e-01
-3.40309766711006267e-01
-3.37803643506839613e-01
0.00000000000000000e+00
-3.40421773500990954e-01
-3.39692959506129377e-01
0.00000000000000000e+00
0.00000000000000000e+00
-3.40201095582394974e-01
-3.39704701555463229e-01
0.00000000000000000e+00
-3.42573994934695591e-01
-3.40033447152045754e-01
-3.41286564386709235e-01
0.00000000000000000e+00
0.00000000000000000e+00
0.00000000000000000e+00
-3.41106361697663008e-01
-3.37624290382731174e-01
0.00000000000000000e+00
-3.38536103059846993e-01
-3.38543902236042249e-01
0.00000000000000000e+00
-3.39890542550693786e-01
0.00000000000000000e+00
0.00000000000000000e+00
-3.39402782223896360e-01
-3.39972328581481797e-01
-3.40587167296219406e-01
-3.39756628017956752e-01
0.00000000000000000e+00
0.00000000000000000e+00
-3.39452216679134500e-01
0.00000000000000000e+00
0.00000000000000000e+00
-3.42620511891077340e-01
-3.39361198714929813e-01
-3.40397222132856059e-01
-3.39125601738029636e-01
0.00000000000000000e+00
-3.41563181195216059e-01
-3.40814571056637483e-01
0.00000000000000000e+00
0.00000000000000000e+00
-3.39695506391622992e-01
-3.39029320471580575e-01
0.00000000000000000e+00
0.00000000000000000e+00
-3.38865982094719853e-01
-3.40814519081323097e-01
-3.37286942663475919e-01
0.00000000000000000e+00
0.00000000000000000e+00
-3.40143211311057181e-01
0.00000000000000000e+00
0.00000000000000000e+00
-3.39096704016281003e-01
-3.38286041935704274e-01
-3.39397765099465065e-01
-3.40263447562344723e-01
0.00000000000000000e+00
0.00000000000000000e+00
0.00000000000000000e+00
0.00000000000000000e+00
-3.41769730956942297e-01
-3.42042936041166867e-01
-3.38959910698417577e-01
0.00000000000000000e+00
-3.39359857435815815e-01
0.00000000000000000e+00
0.00000000000000000e+00
0.00000000000000000e+00
-3.39086720783840057e-01
-3.40289715795378922e-01
-3.38204134885515928e-01
0.00000000000000000e+00
-3.40479924179838356e-01
-3.39479723832728064e-01
0.00000000000000000e+00
0.00000000000000000e+00
-3.39757338029419986e-01
-3.39645359159068627e-01
0.00000000000000000e+00
-3.41592097072220657e-01
-3.38950367848085576e-01
-3.40506209799680437e-01
0.00000000000000000e+00
0.00000000000000000e+00
0.00000000000000000e+00
-3.40540115729174531e-01
-3.35726430944094656e-01
0.00000000000000000e+00
-3.38970050105134424e-01
-3.38696594869240697e-01
0.00000000000000000e+00
