381
-4.861068131988338647531e-02
-4.861068131988338647531e-02
-4.861068131988338647531e-02
-4.861068131988338647531e-02
-4.861068131988338647531e-02
-4.861068131988338647531e-02
-4.861068131988338647531e-02
-4.861068131988338647531e-02
-4.861068131988338647531e-02
-4.861068131988338647531e-02
-4.861068131988338647531e-02
-4.861068131988338647531e-02
-4.861068131988338647531e-02
-4.861068131988338647531e-02
-4.861068131988338647531e-02
-4.861068131988338647531e-02
-4.861068131988338647531e-02
-4.861068131988338647531e-02
-4.861068131988338647531e-02
-4.861068131988338647531e-02
-4.861068131988338647531e-02
-4.861068131988338647531e-02
-4.861068131988338647531e-02
-4.861068131988338647531e-02
-4.861068131988338647531e-02
3.188555343454008705883e-01
3.231798879005354230287e-01
3.127358767162249364446e-01
3.119980914229949497951e-01
3.029210102969709383913e-01
2.999270579095008049109e-01
2.902435301322952576619e-01
2.939929495398113656890e-01
2.900969663403840104188e-01
2.884143197053213314440e-01
2.887502527578313382683e-01
2.874618681416031829023e-01
2.880291216629670136840e-01
2.905142370300797804994e-01
2.880703863639594297652e-01
2.931425631600363956863e-01
2.896342029399888162722e-01
2.958293158294079683301e-01
3.024065474983796963926e-01
2.982751778259187802611e-01
3.055953208043948321482e-01
3.072532368445793915512e-01
3.159329260074338896480e-01
3.223494320448556660352e-01
-4.861068131988338647531e-02
-4.861068131988338647531e-02
-4.861068131988338647531e-02
-4.861068131988338647531e-02
3.050930590036278200472e-01
3.094945796294080175848e-01
3.035781861235008483035e-01
3.009332029034916256016e-01
2.904604386104761570842e-01
2.957079333859021774700e-01
2.961649706311603180708e-01
2.939159762701202271984e-01
2.866397212163576124766e-01
2.896466420316763934473e-01
2.853044141027341606964e-01
2.846278462655264518411e-01
2.848451533050834205696e-01
2.852312332849981091343e-01
2.868793961527736913197e-01
2.862976099330005741450e-01
2.875018260430766692259e-01
2.862277096425653311051e-01
2.878755456513119037609e-01
2.912474705622012938200e-01
2.883758432299521889952e-01
2.925192295143873022489e-01
2.927672590089824278259e-01
2.978240170555767618588e-01
2.992169331477717575396e-01
3.120260428550872822129e-01
3.014503456220608001992e-01
3.053029232513957413886e-01
-4.861068131988338647531e-02
-4.861068131988338647531e-02
-4.861068131988338647531e-02
-4.861068131988338647531e-02
-4.861068131988338647531e-02
2.947103515810514107187e-01
2.978650318804206276191e-01
2.943896343328000764217e-01
2.922480280396357876782e-01
2.908108342306233717878e-01
2.896509420848534244186e-01
2.870650672917795520611e-01
2.845203395470477514273e-01
2.845304714672119983376e-01
2.870470770844388286314e-01
2.831602602443246685660e-01
2.820835325590309583532e-01
2.818383465416668398618e-01
2.819746941946499885212e-01
2.833263631338229227019e-01
2.835541233540135319657e-01
2.836044290599478712167e-01
2.856291869041719944100e-01
2.852341154285824020853e-01
2.835846621072655726614e-01
2.881616499598685932071e-01
2.873718438675909592206e-01
2.903702370909843066826e-01
2.916767744271018814040e-01
2.958717461215805144548e-01
2.932574802707452743533e-01
2.967499445352893006067e-01
-4.861068131988338647531e-02
-4.861068131988338647531e-02
-4.861068131988338647531e-02
-4.861068131988338647531e-02
2.854833011168801393254e-01
2.898958638602959769770e-01
2.866971609799935372109e-01
2.899929303653462908663e-01
2.833684486155904069804e-01
2.879542762700890157213e-01
2.862999287793648317546e-01
2.825997632503037815255e-01
2.858347335558008572853e-01
2.837156170766121365823e-01
2.844864764237278742520e-01
2.806224325571900490850e-01
2.813776585225784554467e-01
2.826570788204196271742e-01
2.821202008091003299306e-01
2.807296307951782088352e-01
2.810261717263970449032e-01
2.798396885769858233317e-01
2.819821776157301895793e-01
2.806868829803647602539e-01
2.807664283073581512618e-01
2.818121090619051249959e-01
2.804405154798573218677e-01
2.831006638505132455563e-01
2.811700354794586798057e-01
2.862969049516818631496e-01
2.820350099389860032417e-01
2.844110802229652956719e-01
2.832733287131853350260e-01
2.842869231196319956823e-01
2.868578238366213395416e-01
2.851654079360875782001e-01
2.887708807975750135988e-01
2.900745211648996235709e-01
2.868710804688427984388e-01
-4.861068131988338647531e-02
-4.861068131988338647531e-02
-4.861068131988338647531e-02
-4.861068131988338647531e-02
-4.861068131988338647531e-02
-4.861068131988338647531e-02
2.821894027435469243237e-01
2.825610998525748818189e-01
2.824287550481212050180e-01
2.832655264534920114272e-01
2.837788411393172838260e-01
2.842090413383284719373e-01
2.816954426733711547293e-01
2.809872194042745685572e-01
2.808825158455599546592e-01
2.819334451816127851131e-01
2.824340148379221870911e-01
2.816199410471480479856e-01
2.800238316205457267394e-01
2.799332774965759274011e-01
2.808043962874521293216e-01
2.817997546710410139426e-01
2.801942926854084636723e-01
2.794589792945129103074e-01
2.806496446729092597572e-01
2.789882401331827965762e-01
2.786216805928887207955e-01
2.790915302966565647580e-01
2.801389330445125391833e-01
2.794934376055288050011e-01
2.790778100598130251342e-01
2.796029311746537349137e-01
2.784712001468301334484e-01
2.786092746161007993599e-01
2.784182838761910527836e-01
2.785311357808574750372e-01
2.797249423139072099787e-01
2.783323140099762116328e-01
2.798843908737477792492e-01
2.790664389764250796766e-01
2.791974465272696326323e-01
2.786402092576611977393e-01
2.795111766759384441805e-01
2.783259611424270807412e-01
2.787991687194527612448e-01
2.789024250850549724312e-01
2.799598933194813454861e-01
2.804480126581402887886e-01
2.788798443771992596751e-01
2.795915705763746816892e-01
2.792321016519785370491e-01
2.792162459070903213210e-01
2.788187211549253419207e-01
2.796234753811391304801e-01
2.798945120749850579145e-01
2.801942570770943330416e-01
2.806017417766536459212e-01
2.807269811324498154370e-01
2.811662425123951924988e-01
2.826991938543043092480e-01
2.812760223081593458083e-01
2.814716965418813665600e-01
2.833068818102737473907e-01
2.816202625295697314911e-01
2.825124769285332626545e-01
2.824386750930244494029e-01
2.823841715828981357994e-01
2.837049851950583789773e-01
2.848222689706118582187e-01
2.833362792309602196106e-01
2.840838329184138255634e-01
2.833690482923689746286e-01
2.848606223515460778017e-01
-4.861068131988338647531e-02
-4.861068131988338647531e-02
-4.861068131988338647531e-02
-4.861068131988338647531e-02
-4.861068131988338647531e-02
2.839080939019026361692e-01
2.840540676035265277299e-01
2.827351711788277932591e-01
2.826908929582312435258e-01
2.810984454612141525409e-01
2.823740757660692657360e-01
2.797407986373814381409e-01
2.809387557982178651450e-01
2.789992580197765414951e-01
2.796938180535576967678e-01
2.789427336966749937375e-01
2.789954061153276931861e-01
2.783956348300526961737e-01
2.783281019940121447931e-01
2.782712470163032358883e-01
2.785129163361894089057e-01
2.787268745740499320540e-01
2.784518225242916811268e-01
2.782217349292157582141e-01
2.794935439050914571801e-01
2.806605237718578504946e-01
2.794148931387541168192e-01
2.806503815681082314448e-01
2.820740943017790436365e-01
2.824773118097581581232e-01
2.859375480722136653178e-01
2.832509895066522287443e-01
2.846404068386658714473e-01
2.869296828398448795383e-01
2.842581641540766757004e-01
-4.861068131988338647531e-02
-4.861068131988338647531e-02
-4.861068131988338647531e-02
-4.861068131988338647531e-02
-4.861068131988338647531e-02
2.862984850629439192993e-01
2.933481661081503988342e-01
2.884360435870894634469e-01
2.902445321461171179322e-01
2.868460258302967247346e-01
2.851507117896906473575e-01
2.840401110521715843937e-01
2.832333241294675563182e-01
2.811567941918129975853e-01
2.814117578320270984804e-01
2.796808094400669020274e-01
2.809013083199554117186e-01
2.798800036393240264765e-01
2.788468439055645231583e-01
2.794751481041630736257e-01
2.786854318858205115106e-01
2.792910984049260525452e-01
2.787530533818741163010e-01
2.793951401989266947190e-01
2.800543258328761497822e-01
2.816121455168019704907e-01
2.823957566157587750766e-01
2.805934673862007233680e-01
2.851116954985616902540e-01
2.824879889554076650704e-01
2.852116180871357431492e-01
2.888498431060790849756e-01
2.881004619561881030521e-01
2.925127190562207823987e-01
2.897648790670945273540e-01
2.944484036454833586482e-01
-4.861068131988338647531e-02
-4.861068131988338647531e-02
-4.861068131988338647531e-02
2.974472764809658054119e-01
3.063168657500300318119e-01
2.925500899851291025655e-01
2.877079421349000298846e-01
2.912586154737608623577e-01
2.832906366107197371207e-01
2.846648861373201611080e-01
2.862045292869686563542e-01
2.822988014535481315903e-01
2.815170186437690458270e-01
2.802379624963162174645e-01
2.816615773024985225348e-01
2.808160587042866085383e-01
2.802791697245756163959e-01
2.808436653177562858374e-01
2.807601635002816564679e-01
2.798854620105169499489e-01
2.825875958617988237265e-01
2.838069887769976151759e-01
2.849215750374637368125e-01
2.868808386330481963178e-01
2.886337592182544042885e-01
2.887321785220915426606e-01
2.938529510859723692384e-01
2.935703908734826339533e-01
3.067833076946435699739e-01
2.980384866979044478086e-01
2.997621843065944036155e-01
-4.861068131988338647531e-02
-4.861068131988338647531e-02
-4.861068131988338647531e-02
-4.861068131988338647531e-02
3.089200738386735922703e-01
3.054282593329921136061e-01
2.992849076597123847421e-01
2.969135325197580499434e-01
2.936970456301091214613e-01
2.879734183009857173552e-01
2.905156163766305921214e-01
2.833569935623944102687e-01
2.835399302102792340463e-01
2.822165220524967543803e-01
2.856691487482977409584e-01
2.826419615738234858426e-01
2.838216926746980894869e-01
2.827869022913235275141e-01
2.816090562535238372988e-01
2.833471612147945295490e-01
2.821768121330416878578e-01
2.868336110026570850984e-01
2.850364972891309967018e-01
2.847722497225929627618e-01
2.905048504772876349911e-01
2.938063976229575158250e-01
3.008937841714138805571e-01
3.007642129986872747693e-01
3.102442965543329989053e-01
3.181924065332401574402e-01
3.087509461265743881953e-01
-4.861068131988338647531e-02
-4.861068131988338647531e-02
-4.861068131988338647531e-02
-4.861068131988338647531e-02
-4.861068131988338647531e-02
-4.861068131988338647531e-02
-4.861068131988338647531e-02
-4.861068131988338647531e-02
-4.861068131988338647531e-02
-4.861068131988338647531e-02
-4.861068131988338647531e-02
-4.861068131988338647531e-02
-4.861068131988338647531e-02
-4.861068131988338647531e-02
-4.861068131988338647531e-02
-4.861068131988338647531e-02
-4.861068131988338647531e-02
-4.861068131988338647531e-02
-4.861068131988338647531e-02
-4.861068131988338647531e-02
-4.861068131988338647531e-02
-4.861068131988338647531e-02
-4.861068131988338647531e-02

