381
0.000000000000000000000e+00
0.000000000000000000000e+00
0.000000000000000000000e+00
0.000000000000000000000e+00
0.000000000000000000000e+00
0.000000000000000000000e+00
0.000000000000000000000e+00
0.000000000000000000000e+00
0.000000000000000000000e+00
0.000000000000000000000e+00
0.000000000000000000000e+00
0.000000000000000000000e+00
0.000000000000000000000e+00
0.000000000000000000000e+00
0.000000000000000000000e+00
0.000000000000000000000e+00
0.000000000000000000000e+00
0.000000000000000000000e+00
0.000000000000000000000e+00
0.000000000000000000000e+00
0.000000000000000000000e+00
0.000000000000000000000e+00
0.000000000000000000000e+00
0.000000000000000000000e+00
0.000000000000000000000e+00
-3.425101788536651925554e-01
-3.427386164314636385342e-01
-3.421426114225011860803e-01
-3.397991127899812613400e-01
-3.399662801743206785865e-01
-3.382808230557873274691e-01
-3.375875855611748521667e-01
-3.371168920301071958434e-01
-3.355397542743914218732e-01
-3.342131012029092018700e-01
-3.349998797129983274523e-01
-3.368128421043824483050e-01
-3.368930035846482429207e-01
-3.368712160304348501860e-01
-3.374802367659067714456e-01
-3.381660362259837904197e-01
-3.381644376235191651325e-01
-3.386540111395879848466e-01
-3.375130932689349161357e-01
-3.389392592807891069207e-01
-3.386436098716062437219e-01
-3.391033553708059922194e-01
-3.378991806267309105927e-01
-3.346607591982171947542e-01
0.000000000000000000000e+00
0.000000000000000000000e+00
0.000000000000000000000e+00
0.000000000000000000000e+00
-3.398337330908695608223e-01
-3.419739317094921404738e-01
-3.408955988533297065679e-01
-3.404497677681403433603e-01
-3.381269940233688764408e-01
-3.390926440957802157072e-01
-3.393433787516075827995e-01
-3.384809268175237306764e-01
-3.373586818218453631246e-01
-3.379339999516598469498e-01
-3.371899918359373971022e-01
-3.369803216445421134573e-01
-3.370799702580954404496e-01
-3.370763423016482351890e-01
-3.375982356670634287887e-01
-3.372114806119309582400e-01
-3.374510528860131808315e-01
-3.372956783235629418805e-01
-3.377799448093997125575e-01
-3.384037410392889411170e-01
-3.376746189876433934529e-01
-3.383643391509619235968e-01
-3.381446763696187574055e-01
-3.385247414851085268062e-01
-3.389151561500006182293e-01
-3.372646890863049140563e-01
-3.377634518686179476710e-01
-3.386892118822401043232e-01
0.000000000000000000000e+00
0.000000000000000000000e+00
0.000000000000000000000e+00
0.000000000000000000000e+00
0.000000000000000000000e+00
-3.371280861983128041004e-01
-3.392864262109747119922e-01
-3.389292135081648504880e-01
-3.382063955735050697626e-01
-3.381634517791561878042e-01
-3.377869030255594706702e-01
-3.373187621230882560219e-01
-3.368935322920469377372e-01
-3.367992704665816461329e-01
-3.374134742757280425174e-01
-3.366673163265014867562e-01
-3.363324526879050146988e-01
-3.363081471882870543411e-01
-3.363493396543459357240e-01
-3.367255336380066133017e-01
-3.367495359885573913417e-01
-3.367325592433585423890e-01
-3.371555567085486315726e-01
-3.369110591060369142014e-01
-3.366563504982674759347e-01
-3.374352420956072684533e-01
-3.371564930526909642516e-01
-3.375807938285132481226e-01
-3.378108585052480017374e-01
-3.381665821189835385852e-01
-3.377463080556529773091e-01
-3.364606037061362853180e-01
0.000000000000000000000e+00
0.000000000000000000000e+00
0.000000000000000000000e+00
0.000000000000000000000e+00
-3.331892892889367630005e-01
-3.343133067513960887673e-01
-3.356358064872060342765e-01
-3.370811529331950717747e-01
-3.356855424945437982309e-01
-3.371640265316156459541e-01
-3.364327083770307647015e-01
-3.359505925867387055028e-01
-3.368602823718565564270e-01
-3.364532068386407170912e-01
-3.362896268846684577625e-01
-3.356558891677464129266e-01
-3.357340635642435677788e-01
-3.364074043750300835320e-01
-3.361386941048937204712e-01
-3.358998462359683023770e-01
-3.359288341341621908498e-01
-3.355214868989104259889e-01
-3.362960275239014196202e-01
-3.358681734653799488832e-01
-3.359381283080024038767e-01
-3.361459925079745003629e-01
-3.356858308775290122838e-01
-3.363930113065864424549e-01
-3.358226003049047947435e-01
-3.368762924455534490953e-01
-3.359682361461308608419e-01
-3.365815332150944305667e-01
-3.361913490332721354825e-01
-3.362871105617044609204e-01
-3.368502876052545946806e-01
-3.365896484186791659532e-01
-3.373441804374345265316e-01
-3.368220576214867034714e-01
-3.352378519823292490898e-01
0.000000000000000000000e+00
0.000000000000000000000e+00
0.000000000000000000000e+00
0.000000000000000000000e+00
0.000000000000000000000e+00
0.000000000000000000000e+00
-3.329786904094714783398e-01
-3.305029718464172483472e-01
-3.337415030103535462658e-01
-3.320679373117214061573e-01
-3.345273288601162131606e-01
-3.355135172593862735724e-01
-3.334382329974360237301e-01
-3.342816044228042460240e-01
-3.336546192515900677300e-01
-3.349798183284412589344e-01
-3.347180718073035632365e-01
-3.340583039803011189406e-01
-3.336716049610618517463e-01
-3.346235921574924887523e-01
-3.347799970071596020738e-01
-3.354356735857380034105e-01
-3.341377806313521325876e-01
-3.341617353888337582646e-01
-3.351932951470240618086e-01
-3.343716880597227825156e-01
-3.339519491448532662048e-01
-3.338671253139755545902e-01
-3.352454981986375259773e-01
-3.347638860444177577591e-01
-3.348006926815580985846e-01
-3.351935683610441363278e-01
-3.340666777441331225518e-01
-3.343590268568741863398e-01
-3.343702403260488398296e-01
-3.344527914139048263564e-01
-3.354515187068567994011e-01
-3.342860708553905824125e-01
-3.354705733922395127777e-01
-3.350594128840023722127e-01
-3.351204771066501053589e-01
-3.347032492766815470198e-01
-3.352546953863758116832e-01
-3.339439969316667644605e-01
-3.347742411090213199287e-01
-3.348417629256890126754e-01
-3.353392898625168205839e-01
-3.353783452528541486615e-01
-3.339657438172826120493e-01
-3.339128286772576892361e-01
-3.343893474988169911555e-01
-3.348823774590975466126e-01
-3.344421110793122098315e-01
-3.348787298974677528740e-01
-3.343852251639405359640e-01
-3.349164770382588307562e-01
-3.339457209072698717911e-01
-3.346346168187452896348e-01
-3.352423062174676449132e-01
-3.358922025509076814132e-01
-3.355463384786668834536e-01
-3.341963125786635013803e-01
-3.358070090120151562907e-01
-3.349825086124491035910e-01
-3.352021428793784951772e-01
-3.344702659465752514478e-01
-3.355945423762964341385e-01
-3.339837599598606820983e-01
-3.332657492269775478810e-01
-3.353405742967434099988e-01
-3.344977146657318600731e-01
-3.348171213923747946417e-01
-3.359456043897642851803e-01
0.000000000000000000000e+00
0.000000000000000000000e+00
0.000000000000000000000e+00
0.000000000000000000000e+00
0.000000000000000000000e+00
-3.300773549205844870080e-01
-3.321132820856067535686e-01
-3.323567289362742149805e-01
-3.325730588866713244300e-01
-3.331906383018353734471e-01
-3.328847221420914159751e-01
-3.334349580876545537933e-01
-3.329514931087499962636e-01
-3.331113495907047084010e-01
-3.331290601728777445167e-01
-3.334969718789066450704e-01
-3.331184772918959757781e-01
-3.334018256341587660430e-01
-3.334532178683449199497e-01
-3.339013734935137867055e-01
-3.335412935540837398030e-01
-3.336190490884780035508e-01
-3.335267024664254065236e-01
-3.338640069623365902451e-01
-3.335090737138363126135e-01
-3.330211271391085858795e-01
-3.331774066922904564692e-01
-3.334327650672783693864e-01
-3.334046144250510379514e-01
-3.327953927332917283266e-01
-3.329537323018524896945e-01
-3.336144738735034587229e-01
-3.326212815226605723495e-01
-3.324946012981516707541e-01
-3.340247922749179920743e-01
0.000000000000000000000e+00
0.000000000000000000000e+00
0.000000000000000000000e+00
0.000000000000000000000e+00
0.000000000000000000000e+00
-3.305381250491794542512e-01
-3.297859700496313384299e-01
-3.311327047594248007556e-01
-3.277906008357492906313e-01
-3.316140687402633346892e-01
-3.319914666649937950993e-01
-3.318805899833857653292e-01
-3.322382938652119754863e-01
-3.326473459143745037281e-01
-3.323384949690651457566e-01
-3.325965577630102254503e-01
-3.322114646025718931455e-01
-3.327859311307880818553e-01
-3.329814077842266351048e-01
-3.327237824129837817644e-01
-3.331080921266265648661e-01
-3.326772099251338876691e-01
-3.329684659323725592905e-01
-3.325785702407494381916e-01
-3.326619745986849063790e-01
-3.321771221316587308081e-01
-3.321246567102420499396e-01
-3.327127717783799343287e-01
-3.315624091369586690092e-01
-3.323934115177440973277e-01
-3.319155102737354479103e-01
-3.308713470839853565408e-01
-3.316603323032704664364e-01
-3.300499536784790577393e-01
-3.313160829495839232450e-01
-3.279310540721693811861e-01
0.000000000000000000000e+00
0.000000000000000000000e+00
0.000000000000000000000e+00
-3.302333080179514213093e-01
-3.281912476794573430006e-01
-3.306358856174806959416e-01
-3.312648855952394777447e-01
-3.310420329829180663417e-01
-3.317607417697959748537e-01
-3.309800839146989637207e-01
-3.311529594846654434015e-01
-3.316841684502062626017e-01
-3.317184880559650439480e-01
-3.324096463521756805726e-01
-3.322520461846497075165e-01
-3.323048373013743339577e-01
-3.322135765122609663003e-01
-3.323050928432635386933e-01
-3.320610376233063543161e-01
-3.323918443030196567811e-01
-3.319471327176129471503e-01
-3.316173117368025335949e-01
-3.314067476693774993990e-01
-3.307021907463197907262e-01
-3.304686930852138160297e-01
-3.305930009483128984016e-01
-3.293320078807454032166e-01
-3.295318057724703209033e-01
-3.233715970799817540637e-01
-3.272885553661685764659e-01
-3.275217739347331402655e-01
0.000000000000000000000e+00
0.000000000000000000000e+00
0.000000000000000000000e+00
0.000000000000000000000e+00
-3.282100262890313979725e-01
-3.264434784250156984520e-01
-3.298268381286679207243e-01
-3.284954975496893192499e-01
-3.269847418915023951058e-01
-3.296786606754630866156e-01
-3.302270435410649684904e-01
-3.306964191559264021336e-01
-3.277017874231935024021e-01
-3.310566720130569406955e-01
-3.284344217576601332453e-01
-3.296157283373609137023e-01
-3.314042713622456504119e-01
-3.312333275972250690167e-01
-3.319111058840762962241e-01
-3.318780757415621951445e-01
-3.322479512904711329568e-01
-3.290203317865872945092e-01
-3.300593873597217342564e-01
-3.312182294327704057402e-01
-3.285763056443165575082e-01
-3.288384458374941088366e-01
-3.260656684928774362575e-01
-3.274388160815014936489e-01
-3.228408870574429045952e-01
-3.181924065332401574402e-01
-3.242795314857964128485e-01
0.000000000000000000000e+00
0.000000000000000000000e+00
0.000000000000000000000e+00
0.000000000000000000000e+00
0.000000000000000000000e+00
0.000000000000000000000e+00
0.000000000000000000000e+00
0.000000000000000000000e+00
0.000000000000000000000e+00
0.000000000000000000000e+00
0.000000000000000000000e+00
0.000000000000000000000e+00
0.000000000000000000000e+00
0.000000000000000000000e+00
0.000000000000000000000e+00
0.000000000000000000000e+00
0.000000000000000000000e+00
0.000000000000000000000e+00
0.000000000000000000000e+00
0.000000000000000000000e+00
0.000000000000000000000e+00
0.000000000000000000000e+00
0.000000000000000000000e+00

