381
4.861068131988338647531e-02
4.861068131988338647531e-02
4.861068131988338647531e-02
4.861068131988338647531e-02
4.861068131988338647531e-02
4.861068131988338647531e-02
4.861068131988338647531e-02
4.861068131988338647531e-02
4.861068131988338647531e-02
4.861068131988338647531e-02
4.861068131988338647531e-02
4.861068131988338647531e-02
4.861068131988338647531e-02
4.861068131988338647531e-02
4.861068131988338647531e-02
4.861068131988338647531e-02
4.861068131988338647531e-02
4.861068131988338647531e-02
4.861068131988338647531e-02
4.861068131988338647531e-02
4.861068131988338647531e-02
4.861068131988338647531e-02
4.861068131988338647531e-02
4.861068131988338647531e-02
4.861068131988338647531e-02
4.861068131988338647531e-02
4.861068131988338647531e-02
4.861068131988338647531e-02
4.861068131988338647531e-02
4.861068131988338647531e-02
4.861068131988338647531e-02
-2.897076220022319903435e-01
-2.956302416200229932208e-01
-2.895697773974634792182e-01
4.861068131988338647531e-02
-2.877731815459936837165e-01
-2.863820071745537543251e-01
-2.869820650237482895228e-01
-2.900764962490684495400e-01
-2.872460043139560270653e-01
-2.936428321293249044110e-01
-2.893310897043828155972e-01
-2.975431150665290291890e-01
4.861068131988338647531e-02
-3.016574149982928498837e-01
4.861068131988338647531e-02
4.861068131988338647531e-02
4.861068131988338647531e-02
4.861068131988338647531e-02
4.861068131988338647531e-02
4.861068131988338647531e-02
4.861068131988338647531e-02
4.861068131988338647531e-02
4.861068131988338647531e-02
4.861068131988338647531e-02
4.861068131988338647531e-02
-3.053415663557590420396e-01
-2.896392502387329370706e-01
-2.971982249292314803846e-01
-2.976946500277020124514e-01
-2.948804304683868005021e-01
-2.853239614193718853841e-01
-2.887786110324741528643e-01
-2.847406080818216667083e-01
-2.835847347866735645994e-01
-2.840070133580058220346e-01
-2.840151589760613326519e-01
-2.861981464064428104521e-01
-2.851745450876644327742e-01
-2.863703306475551824128e-01
-2.852486022031023304990e-01
-2.875859823483032373659e-01
-2.916009439908630040961e-01
-2.884637837747890398710e-01
-2.936980599584027573634e-01
-2.944783666087834594904e-01
-3.021131267787205421094e-01
-3.037486019152638716534e-01
4.861068131988338647531e-02
4.861068131988338647531e-02
4.861068131988338647531e-02
4.861068131988338647531e-02
4.861068131988338647531e-02
4.861068131988338647531e-02
4.861068131988338647531e-02
4.861068131988338647531e-02
4.861068131988338647531e-02
-3.013376750086375621684e-01
-2.952758124198002209759e-01
-2.925979108234467163108e-01
-2.900121711838067883882e-01
-2.886625188056281543503e-01
-2.855980713453702968252e-01
-2.831707416239939156810e-01
-2.830863581936777784165e-01
-2.856295927899475395328e-01
-2.822176208372397243629e-01
-2.811202380877437234652e-01
-2.810911528217429067311e-01
-2.814233061688816150969e-01
-2.825868548845635874756e-01
-2.830538913400489908767e-01
-2.824458836740726397352e-01
-2.853580738876537736814e-01
-2.852020707627664353190e-01
-2.833385326867874920431e-01
-2.884756662165792184815e-01
-2.877304180147078893626e-01
-2.915291671588937094661e-01
-2.931876028611848372663e-01
-2.994336340629042969574e-01
-2.957886231029987489372e-01
4.861068131988338647531e-02
4.861068131988338647531e-02
4.861068131988338647531e-02
4.861068131988338647531e-02
4.861068131988338647531e-02
-2.844689296736790384834e-01
4.861068131988338647531e-02
-2.857384555356783928382e-01
-2.899276346119337155471e-01
-2.819376431579789787918e-01
-2.867884443057188148529e-01
-2.849755106171739105214e-01
-2.812800722954497678607e-01
-2.843383352606080327618e-01
-2.822909132444726965083e-01
-2.830052123733761137991e-01
-2.798202983591918657780e-01
-2.803096566011755164105e-01
-2.814742395819337383855e-01
-2.809507359326270381494e-01
-2.801280330144136354598e-01
-2.802042513965692926980e-01
-2.795772621104448685259e-01
-2.816553836728936111022e-01
-2.804922032886962846021e-01
-2.803519582956544575758e-01
-2.817164809630782196237e-01
-2.804903747605936858989e-01
-2.831025546971992490342e-01
-2.813307834001843588112e-01
-2.866526265271566176196e-01
-2.822779527164341328849e-01
-2.845572284699064424807e-01
-2.835812232453869263793e-01
-2.848004786575016322736e-01
-2.874954935864053040540e-01
-2.855580468644532965428e-01
-2.896114211040313191070e-01
-2.916140082543929867853e-01
-2.878303306380720627544e-01
4.861068131988338647531e-02
4.861068131988338647531e-02
4.861068131988338647531e-02
4.861068131988338647531e-02
4.861068131988338647531e-02
4.861068131988338647531e-02
-2.814563014682984753989e-01
-2.814500906590888251735e-01
-2.811786239778533702527e-01
-2.817654964573527154315e-01
-2.822538033139663227189e-01
-2.827120866617779948449e-01
-2.813705842478519403294e-01
-2.802065423877977412559e-01
-2.806127489851427680989e-01
-2.807273991394315104664e-01
-2.811174866962009022409e-01
-2.807337319005887565915e-01
-2.799913367057336732735e-01
-2.793622940144405708551e-01
-2.799169148313802590877e-01
-2.806083686008057354044e-01
-2.797467899403178193118e-01
-2.792500722397943668796e-01
-2.797586915402849316870e-01
-2.788836347247324320975e-01
-2.788855952650720615438e-01
-2.792005541026812975858e-01
-2.794339364761804778148e-01
-2.790660957877488246304e-01
-2.788743411237840641448e-01
-2.791639455193291041724e-01
-2.794193896811573707417e-01
-2.787345839421834226002e-01
-2.787461479401042718784e-01
-2.791803392085914770071e-01
-2.796878058035042746710e-01
-2.788966744011309173423e-01
-2.794341138604135021950e-01
-2.792037692132651738319e-01
-2.790827648286045015169e-01
-2.789480086330044517062e-01
-2.797478933470119444316e-01
-2.788044995799012215620e-01
-2.788328277287007161966e-01
-2.793498973276935526400e-01
-2.803209126255346017587e-01
-2.809360640685766297153e-01
-2.800881769194218939845e-01
-2.810515488409686124527e-01
-2.802843504277005015624e-01
-2.798146913340265884429e-01
-2.796706255028650334182e-01
-2.803827812751134573865e-01
-2.811264458905475271955e-01
-2.810748103009652054673e-01
-2.822738591018894016571e-01
-2.819542126713514007541e-01
-2.819721147848783249223e-01
-2.832055360399518550985e-01
-2.818036273882134068458e-01
-2.831660782246002705520e-01
-2.840951504915988912181e-01
-2.827694920882483087254e-01
-2.837463475035952309433e-01
-2.842059346713024514663e-01
-2.831448883875726241222e-01
-2.853152127291717077284e-01
-2.875562412448699478595e-01
-2.844521613454096820028e-01
-2.849664023120409006573e-01
-2.851563600348361315895e-01
-2.855067605676478437182e-01
4.861068131988338647531e-02
4.861068131988338647531e-02
4.861068131988338647531e-02
4.861068131988338647531e-02
4.861068131988338647531e-02
-2.851135785098685149208e-01
-2.854942992384831845776e-01
-2.828243400392831952139e-01
-2.836827884847430425452e-01
-2.813391606075639761464e-01
-2.827979747416762279499e-01
-2.800083102937509504926e-01
-2.815085568424341988525e-01
-2.797296283558002305547e-01
-2.802550326874316821701e-01
-2.793792697918357492703e-01
-2.804731603719940458141e-01
-2.792083731281662650758e-01
-2.792936322332923437806e-01
-2.791380895546707874288e-01
-2.791039096428428178953e-01
-2.800240061747542030801e-01
-2.796004347230894304666e-01
-2.789110134750544256477e-01
-2.811209011163841031689e-01
-2.828072175102165908278e-01
-2.811020425198458849714e-01
-2.826188025115832780365e-01
-2.843662514910145211466e-01
-2.851780118600161784137e-01
-2.895897590319865266828e-01
-2.857333027259147950616e-01
-2.879779765211468722796e-01
-2.910546661642877674936e-01
-2.868777370015619387900e-01
4.861068131988338647531e-02
4.861068131988338647531e-02
4.861068131988338647531e-02
4.861068131988338647531e-02
4.861068131988338647531e-02
-2.899611126983970832427e-01
4.861068131988338647531e-02
-2.939029745454262987359e-01
4.861068131988338647531e-02
-2.905752890971182722524e-01
-2.875656710348152844681e-01
-2.860001679367659144226e-01
-2.847071304260377355710e-01
-2.820331196934079409644e-01
-2.825336164687817785968e-01
-2.806496967043203283332e-01
-2.820468565055648801909e-01
-2.806983249977468286573e-01
-2.797596736446689713596e-01
-2.810256949583667118731e-01
-2.799194351783024781177e-01
-2.805892025390641641991e-01
-2.798374590396723871066e-01
-2.804785619985804556720e-01
-2.819476281782483662042e-01
-2.840430015075641745348e-01
-2.852928910009285279337e-01
-2.827706534160753792939e-01
-2.893089997557425907537e-01
-2.853766401518675888127e-01
-2.891256862974160846136e-01
-2.948953193314193255148e-01
-2.930380489994140469356e-01
-2.998885891738746201085e-01
-2.953284575482463258922e-01
4.861068131988338647531e-02
4.861068131988338647531e-02
4.861068131988338647531e-02
4.861068131988338647531e-02
4.861068131988338647531e-02
4.861068131988338647531e-02
4.861068131988338647531e-02
-2.918994307605220495105e-01
-2.987353961924948952955e-01
-2.850520499409367469745e-01
-2.872071080370051654462e-01
-2.893661876041076497224e-01
-2.838214002688958514931e-01
-2.827818667112061978841e-01
-2.817462419965020559154e-01
-2.832551059357859002397e-01
-2.820826907169064479142e-01
-2.813884193785604059812e-01
-2.827485064390218294506e-01
-2.818696415843062741402e-01
-2.810876776633534079863e-01
-2.848635798689534426309e-01
-2.871102009435200774767e-01
-2.891262586279483848273e-01
-2.922426946791487623045e-01
-2.956227617716075672938e-01
-2.954611451661797727475e-01
-3.043261655783852659418e-01
-3.027102235810186781073e-01
4.861068131988338647531e-02
4.861068131988338647531e-02
4.861068131988338647531e-02
4.861068131988338647531e-02
4.861068131988338647531e-02
4.861068131988338647531e-02
4.861068131988338647531e-02
4.861068131988338647531e-02
4.861068131988338647531e-02
4.861068131988338647531e-02
4.861068131988338647531e-02
4.861068131988338647531e-02
-2.924215845538968849837e-01
-2.961935302485941834405e-01
-2.853824655542154253851e-01
4.861068131988338647531e-02
-2.834609230106838739793e-01
4.861068131988338647531e-02
-2.836405380608295612177e-01
-2.848466420073154647952e-01
-2.836135749610910750107e-01
-2.826094676651783599297e-01
-2.849703936447557373057e-01
-2.833483402743955381631e-01
4.861068131988338647531e-02
-2.867889296722067049572e-01
-2.878341227700763060859e-01
4.861068131988338647531e-02
4.861068131988338647531e-02
4.861068131988338647531e-02
4.861068131988338647531e-02
4.861068131988338647531e-02
4.861068131988338647531e-02
4.861068131988338647531e-02
4.861068131988338647531e-02
4.861068131988338647531e-02
4.861068131988338647531e-02
4.861068131988338647531e-02
4.861068131988338647531e-02
4.861068131988338647531e-02
4.861068131988338647531e-02
4.861068131988338647531e-02
4.861068131988338647531e-02
4.861068131988338647531e-02
4.861068131988338647531e-02
4.861068131988338647531e-02
4.861068131988338647531e-02
4.861068131988338647531e-02
4.861068131988338647531e-02
4.861068131988338647531e-02
4.861068131988338647531e-02
4.861068131988338647531e-02
4.861068131988338647531e-02
4.861068131988338647531e-02
4.861068131988338647531e-02
4.861068131988338647531e-02
4.861068131988338647531e-02

