381
0.000000000000000000000e+00
0.000000000000000000000e+00
0.000000000000000000000e+00
0.000000000000000000000e+00
0.000000000000000000000e+00
0.000000000000000000000e+00
0.000000000000000000000e+00
0.000000000000000000000e+00
0.000000000000000000000e+00
0.000000000000000000000e+00
0.000000000000000000000e+00
0.000000000000000000000e+00
0.000000000000000000000e+00
0.000000000000000000000e+00
0.000000000000000000000e+00
0.000000000000000000000e+00
0.000000000000000000000e+00
0.000000000000000000000e+00
0.000000000000000000000e+00
0.000000000000000000000e+00
0.000000000000000000000e+00
0.000000000000000000000e+00
0.000000000000000000000e+00
0.000000000000000000000e+00
0.000000000000000000000e+00
0.000000000000000000000e+00
0.000000000000000000000e+00
0.000000000000000000000e+00
0.000000000000000000000e+00
0.000000000000000000000e+00
0.000000000000000000000e+00
-3.332619988210508976678e-01
-3.305979660004134124129e-01
-3.309465222429583963759e-01
0.000000000000000000000e+00
-3.300227432190454002203e-01
-3.329034107657296015503e-01
-3.332267166522810408757e-01
-3.300154429421007784562e-01
-3.325579284204242536127e-01
-3.297803852734058627227e-01
-3.320552336504722923394e-01
-3.300631606633750991797e-01
0.000000000000000000000e+00
-3.300784405604456073213e-01
0.000000000000000000000e+00
0.000000000000000000000e+00
0.000000000000000000000e+00
0.000000000000000000000e+00
0.000000000000000000000e+00
0.000000000000000000000e+00
0.000000000000000000000e+00
0.000000000000000000000e+00
0.000000000000000000000e+00
0.000000000000000000000e+00
0.000000000000000000000e+00
-3.358627974577592656402e-01
-3.356653738797047425990e-01
-3.350848208131234629015e-01
-3.365504015082190214514e-01
-3.335282597009014415868e-01
-3.349070384205379280473e-01
-3.346422296902742399283e-01
-3.334740044616925080945e-01
-3.341145038545720868939e-01
-3.337334248865236885351e-01
-3.344880269814454187838e-01
-3.331442927831972378172e-01
-3.339462602552125125577e-01
-3.342195475581614672045e-01
-3.335577766712775060753e-01
-3.329195553117788586306e-01
-3.320707613901531241041e-01
-3.330154317072410719014e-01
-3.322867080527393546241e-01
-3.324656216317732893017e-01
-3.309364517390226967386e-01
-3.300787406344375396472e-01
0.000000000000000000000e+00
0.000000000000000000000e+00
0.000000000000000000000e+00
0.000000000000000000000e+00
0.000000000000000000000e+00
0.000000000000000000000e+00
0.000000000000000000000e+00
0.000000000000000000000e+00
0.000000000000000000000e+00
-3.360958582885931744677e-01
-3.374270091706193519521e-01
-3.376925169057820030893e-01
-3.366379871719880623182e-01
-3.372045165014035394968e-01
-3.363033957268681817254e-01
-3.351904366774551835562e-01
-3.357422315950162605702e-01
-3.356182161003504194063e-01
-3.344069215827403795949e-01
-3.349529220851346633658e-01
-3.346317452239430112471e-01
-3.343391005762598733320e-01
-3.340651597747541501349e-01
-3.338567226358556405685e-01
-3.347725421794760514160e-01
-3.334223200298915834594e-01
-3.335780899679532951474e-01
-3.338146614676772983010e-01
-3.332117093160838483534e-01
-3.335006456466186319787e-01
-3.334659342034558826562e-01
-3.329550402866785496769e-01
-3.317811157329208504585e-01
-3.323844874132026450120e-01
0.000000000000000000000e+00
0.000000000000000000000e+00
0.000000000000000000000e+00
0.000000000000000000000e+00
0.000000000000000000000e+00
-3.353196978850712661746e-01
0.000000000000000000000e+00
-3.372462950066221210044e-01
-3.375159123951698703081e-01
-3.368220026207318085198e-01
-3.374409952869524831343e-01
-3.374944537655774623452e-01
-3.362515975356168973498e-01
-3.366288507918518968509e-01
-3.360745944317417577274e-01
-3.367644569161765688570e-01
-3.355564006601688964437e-01
-3.359093529841621905696e-01
-3.353278428427656221444e-01
-3.356566548572793018401e-01
-3.349699955806919038359e-01
-3.352596690868596129853e-01
-3.349991272512780060566e-01
-3.341929486535640259071e-01
-3.345257690395870842082e-01
-3.346846296937133202754e-01
-3.341636541466558307789e-01
-3.344767470871902181884e-01
-3.339236082469507760351e-01
-3.342545776590950534768e-01
-3.338008052049573626263e-01
-3.340987298028383345461e-01
-3.338010986531981250103e-01
-3.339829234484581466091e-01
-3.340929653144963373812e-01
-3.339614660136268065038e-01
-3.340021135162863918922e-01
-3.338403676841452116797e-01
-3.326309651776897524655e-01
-3.322812588528998301030e-01
0.000000000000000000000e+00
0.000000000000000000000e+00
0.000000000000000000000e+00
0.000000000000000000000e+00
0.000000000000000000000e+00
0.000000000000000000000e+00
-3.359668530342228009999e-01
-3.334152230607086431213e-01
-3.363322321496526323692e-01
-3.346884247411886503798e-01
-3.368032692005871187035e-01
-3.372290573287096138166e-01
-3.364954668637321621993e-01
-3.364691128804153663623e-01
-3.364496105943973747188e-01
-3.366276558852560607527e-01
-3.368143953287601743973e-01
-3.365716417137624705269e-01
-3.363599833331993305130e-01
-3.361643079181694249158e-01
-3.363551552851034021074e-01
-3.363788423084633771865e-01
-3.363287119437277650214e-01
-3.361776527533497649358e-01
-3.361139325754701201454e-01
-3.359508741250553098823e-01
-3.359854207962961192280e-01
-3.361695365553295511418e-01
-3.358383207043255658242e-01
-3.359368787774419939929e-01
-3.356829529824810753880e-01
-3.355671230286816353328e-01
-3.351315480819310743676e-01
-3.357568470523178971732e-01
-3.355481415846986448237e-01
-3.351033782827525508985e-01
-3.348205736208446081648e-01
-3.353761445469867763514e-01
-3.352862220399643877755e-01
-3.350550536381331490077e-01
-3.352722287396303624263e-01
-3.352389705353154281120e-01
-3.347322873120801012270e-01
-3.357987104022790991742e-01
-3.354629261137873075249e-01
-3.349326424102532229199e-01
-3.345101324565518119414e-01
-3.343454570398002312359e-01
-3.348718395752048326841e-01
-3.345373200855212836302e-01
-3.346303211719731107721e-01
-3.347073957467282534495e-01
-3.348537989217897914429e-01
-3.345111727624618391808e-01
-3.343675643572077693655e-01
-3.343225863784520801580e-01
-3.341523133731310046812e-01
-3.341316213944170443462e-01
-3.341471902531712445672e-01
-3.340546299281872966169e-01
-3.341838883240184632228e-01
-3.338966900359482403715e-01
-3.340528416428310554132e-01
-3.340073937523008185124e-01
-3.339597781700994194587e-01
-3.337376016320411920013e-01
-3.340590613668422137472e-01
-3.323848495223024057665e-01
-3.314587562324733949204e-01
-3.337404010719863811651e-01
-3.325691604497759690240e-01
-3.335585996067613745453e-01
-3.337050095845050523558e-01
0.000000000000000000000e+00
0.000000000000000000000e+00
0.000000000000000000000e+00
0.000000000000000000000e+00
0.000000000000000000000e+00
-3.336738330427434506831e-01
-3.361314485729168244355e-01
-3.358387284944192585634e-01
-3.367428779100478664077e-01
-3.365147660489386516325e-01
-3.365464404187061830953e-01
-3.363874536215778476844e-01
-3.366102687069708054857e-01
-3.363793128473210880536e-01
-3.364936430662036626060e-01
-3.362436205017920731741e-01
-3.354333696827321298350e-01
-3.359873858512316679992e-01
-3.357571879580292795175e-01
-3.354120254676496992730e-01
-3.360723506123085568831e-01
-3.351304934577873373414e-01
-3.354431300956758899012e-01
-3.356577496390441561758e-01
-3.347436948822489766187e-01
-3.345017205110566993476e-01
-3.350502292740575316365e-01
-3.342628719818023230737e-01
-3.337791103074268517226e-01
-3.338783678263551046861e-01
-3.323649691268299455338e-01
-3.334250725545591098609e-01
-3.332260203414479926565e-01
-3.303209653314355120912e-01
-3.329913324495604731723e-01
0.000000000000000000000e+00
0.000000000000000000000e+00
0.000000000000000000000e+00
0.000000000000000000000e+00
0.000000000000000000000e+00
-3.341089831220468431283e-01
0.000000000000000000000e+00
-3.350200622109071324495e-01
0.000000000000000000000e+00
-3.369617259176316270697e-01
-3.366265616443425146009e-01
-3.374319208173745532342e-01
-3.370481362781697076692e-01
-3.368082168177913837681e-01
-3.370668837459691036251e-01
-3.367428687272009946163e-01
-3.371655770034916455025e-01
-3.366777739511614964130e-01
-3.363275409586812814133e-01
-3.357887864265924893203e-01
-3.357834233724397710041e-01
-3.361829841433954246810e-01
-3.361310627471396639265e-01
-3.365926263686159769506e-01
-3.353844634225072729450e-01
-3.353642936914308925189e-01
-3.347228076957728393204e-01
-3.348834722193785862210e-01
-3.338801766388327929569e-01
-3.342076670881561906157e-01
-3.334487831676966607120e-01
-3.325768134734762293547e-01
-3.321929993929277347142e-01
-3.299771526238844954193e-01
-3.296092729808556276438e-01
0.000000000000000000000e+00
0.000000000000000000000e+00
0.000000000000000000000e+00
0.000000000000000000000e+00
0.000000000000000000000e+00
0.000000000000000000000e+00
0.000000000000000000000e+00
-3.374052681446524371012e-01
-3.352691943276108199612e-01
-3.376427398375441701894e-01
-3.379522480300717890422e-01
-3.378568364322875328121e-01
-3.377343085812570255833e-01
-3.377129482051436371037e-01
-3.362827682937711837319e-01
-3.365290122740381417721e-01
-3.368672283445187098927e-01
-3.370985584579849758669e-01
-3.359060424339417316730e-01
-3.373472684530500753652e-01
-3.366941223572447183798e-01
-3.361320492842747031936e-01
-3.354245401863257813879e-01
-3.345245619209520349102e-01
-3.344631444655719043624e-01
-3.331409453453607061313e-01
-3.328306801377267087894e-01
-3.297479622711497193599e-01
-3.303108298224075034533e-01
0.000000000000000000000e+00
0.000000000000000000000e+00
0.000000000000000000000e+00
0.000000000000000000000e+00
0.000000000000000000000e+00
0.000000000000000000000e+00
0.000000000000000000000e+00
0.000000000000000000000e+00
0.000000000000000000000e+00
0.000000000000000000000e+00
0.000000000000000000000e+00
0.000000000000000000000e+00
-3.362476402278058440487e-01
-3.360932006730598109456e-01
-3.377797958685262447176e-01
0.000000000000000000000e+00
-3.376832427443592909988e-01
0.000000000000000000000e+00
-3.359140615357509851435e-01
-3.353122588832742057008e-01
-3.362081134963692541362e-01
-3.374558556135661691044e-01
-3.362708312184478076645e-01
-3.367658809919493179130e-01
0.000000000000000000000e+00
-3.343650420686298252448e-01
-3.357610818597153712339e-01
0.000000000000000000000e+00
0.000000000000000000000e+00
0.000000000000000000000e+00
0.000000000000000000000e+00
0.000000000000000000000e+00
0.000000000000000000000e+00
0.000000000000000000000e+00
0.000000000000000000000e+00
0.000000000000000000000e+00
0.000000000000000000000e+00
0.000000000000000000000e+00
0.000000000000000000000e+00
0.000000000000000000000e+00
0.000000000000000000000e+00
0.000000000000000000000e+00
0.000000000000000000000e+00
0.000000000000000000000e+00
0.000000000000000000000e+00
0.000000000000000000000e+00
0.000000000000000000000e+00
0.000000000000000000000e+00
0.000000000000000000000e+00
0.000000000000000000000e+00
0.000000000000000000000e+00
0.000000000000000000000e+00
0.000000000000000000000e+00
0.000000000000000000000e+00
0.000000000000000000000e+00
0.000000000000000000000e+00
0.000000000000000000000e+00

