381
9.525519037691038137794e-01
9.525519037691038137794e-01
9.525519037691038137794e-01
9.525519037691038137794e-01
9.525519037691038137794e-01
9.525519037691038137794e-01
9.525519037691038137794e-01
9.525519037691038137794e-01
9.525519037691038137794e-01
9.525519037691038137794e-01
9.525519037691038137794e-01
9.525519037691038137794e-01
9.525519037691038137794e-01
9.525519037691038137794e-01
9.525519037691038137794e-01
9.525519037691038137794e-01
9.525519037691038137794e-01
9.525519037691038137794e-01
9.525519037691038137794e-01
9.525519037691038137794e-01
9.525519037691038137794e-01
9.525519037691038137794e-01
9.525519037691038137794e-01
9.525519037691038137794e-01
9.525519037691038137794e-01
1.375552590445818790243e+00
1.381513846179663218550e+00
1.367160384445907261863e+00
1.366152085620535583388e+00
1.353807523364492837459e+00
1.349760349643607026948e+00
1.336752988021353782955e+00
1.341774443506326131015e+00
1.336557082791238082464e+00
1.334310020549345887630e+00
1.334758334685095526595e+00
1.333039759910682464650e+00
1.333796145919641018551e+00
1.337114905260381680918e+00
1.333851185754380663795e+00
1.340633901814131112573e+00
1.335938716180536278699e+00
1.344240696641616272800e+00
1.353111218884002431295e+00
1.347532547941638014777e+00
1.357432870540591585140e+00
1.359685246879642317452e+00
1.371538257993832221615e+00
1.380367036169853456329e+00
9.525519037691038137794e-01
9.525519037691038137794e-01
9.525519037691038137794e-01
9.525519037691038137794e-01
1.356751255051654059258e+00
1.362736185419686885112e+00
1.354697505347914665563e+00
1.351119087691606823753e+00
1.337042972526601092298e+00
1.344077539323615289035e+00
1.344691973218493208364e+00
1.341671166715048491014e+00
1.331944255765230789024e+00
1.335955334148071882439e+00
1.330166888055524632151e+00
1.329267244290283089825e+00
1.329556134807754474991e+00
1.330069548916653632276e+00
1.332263527679250492142e+00
1.331488660543107549472e+00
1.333093026446271700536e+00
1.331395592351809042952e+00
1.333591322555570002351e+00
1.338095682270572295280e+00
1.334258681990375006166e+00
1.339798499990713764873e+00
1.340130850750217428313e+00
1.346924731241083028621e+00
1.348802191643050818470e+00
1.366190272061464927589e+00
1.351817989790216056889e+00
1.357036018512993269525e+00
9.525519037691038137794e-01
9.525519037691038137794e-01
9.525519037691038137794e-01
9.525519037691038137794e-01
9.525519037691038137794e-01
1.342737380596199070482e+00
1.346979976255937128116e+00
1.342306810607671652136e+00
1.339435193928443235123e+00
1.337511548616833856329e+00
1.335961078839402071949e+00
1.332510913531386620434e+00
1.329124346812225354597e+00
1.329137813462216932692e+00
1.332486941599398955205e+00
1.327317861057795367330e+00
1.325889470301545580710e+00
1.325564420593307257690e+00
1.325745170513066950591e+00
1.327538350701276348431e+00
1.327840745563796387430e+00
1.327907545210057937979e+00
1.330598960240987560510e+00
1.330073382373595070050e+00
1.327881296783872011602e+00
1.333972923365021934217e+00
1.332919759375628565579e+00
1.336922374657990575386e+00
1.338670255242952134012e+00
1.344297734377180475462e+00
1.340787972441151998382e+00
1.345478813049864053042e+00
9.525519037691038137794e-01
9.525519037691038137794e-01
9.525519037691038137794e-01
9.525519037691038137794e-01
1.330404858922759059325e+00
1.336288324871957255979e+00
1.332020764525759792818e+00
1.336418040004787588515e+00
1.327594221968006582557e+00
1.333696321158838848930e+00
1.331491748064326907652e+00
1.326574111840633785064e+00
1.330872488512373053027e+00
1.328055200824938886228e+00
1.329079339272613902168e+00
1.323953627768200025372e+00
1.324953889589167488339e+00
1.326650147371143839692e+00
1.325938089239587114321e+00
1.324095560871628274313e+00
1.324488267626207527172e+00
1.322917716515534358734e+00
1.325755091659544859795e+00
1.324038959889589639474e+00
1.324144285190618219872e+00
1.325529641579908046722e+00
1.323712799899727565744e+00
1.327238760056925537256e+00
1.324678827186252405568e+00
1.331487721868806595182e+00
1.325825136231397971542e+00
1.328979135517459386762e+00
1.327467947340889908858e+00
1.328814143560276939127e+00
1.332234787979225343335e+00
1.329981999506037793068e+00
1.334785868417054155444e+00
1.336527083869636811642e+00
1.332252449042905073640e+00
9.525519037691038137794e-01
9.525519037691038137794e-01
9.525519037691038137794e-01
9.525519037691038137794e-01
9.525519037691038137794e-01
9.525519037691038137794e-01
1.326029849895289824957e+00
1.326522822969638193413e+00
1.326347276182637813235e+00
1.327457590131635001285e+00
1.328139168524593349829e+00
1.328710657177659237860e+00
1.325375005844301901092e+00
1.324436676737358320466e+00
1.324298010763548916202e+00
1.325690485961094067235e+00
1.326354252508860520621e+00
1.325274941653557414512e+00
1.323161345040793523964e+00
1.323041532749153148529e+00
1.324194561228913658013e+00
1.325513265569771892416e+00
1.323386911757279627011e+00
1.322414165320298318207e+00
1.323989655837723544707e+00
1.321791799682616286304e+00
1.321307373079180891295e+00
1.321928334824930884039e+00
1.323313651560926063055e+00
1.322459734264008535121e+00
1.321910197779509577032e+00
1.322604543028006673921e+00
1.321108557115632020640e+00
1.321290981072260395379e+00
1.321038650827286442535e+00
1.321187740967565193984e+00
1.322765925360104288799e+00
1.320925086192848318944e+00
1.322976855297699483316e+00
1.321895166313881375686e+00
1.322068355906417913559e+00
1.321331855367369412235e+00
1.322483193678422042083e+00
1.320916694557388915143e+00
1.321541910262610919347e+00
1.321678374922556686855e+00
1.323076747056912028100e+00
1.323722724047785348489e+00
1.321648530826245115932e+00
1.322589517534460634707e+00
1.322114173144061988197e+00
1.322093210205211422092e+00
1.321567749878148401166e+00
1.322631715167951194090e+00
1.322990245480446525050e+00
1.323386864633703474681e+00
1.323926234417643454933e+00
1.324092052469619806843e+00
1.324673802732619920519e+00
1.326706020463593871384e+00
1.324819233134651774719e+00
1.325078491487178267150e+00
1.327512488749055696857e+00
1.325275367706223450526e+00
1.326458325119227232847e+00
1.326360433672436167640e+00
1.326288144343137354042e+00
1.328041081174406112808e+00
1.329525709148603684895e+00
1.327551514765783258198e+00
1.328544301830512752716e+00
1.327595018095671708380e+00
1.329576701932455140565e+00
9.525519037691038137794e-01
9.525519037691038137794e-01
9.525519037691038137794e-01
9.525519037691038137794e-01
9.525519037691038137794e-01
1.328310845275830986978e+00
1.328504757879549025290e+00
1.326753752655272400318e+00
1.326695007660506631098e+00
1.324583996799340912531e+00
1.326274754448560688758e+00
1.322786899730785226126e+00
1.324372491315350952590e+00
1.321806363114994553598e+00
1.322724755889749914672e+00
1.321731651016593511727e+00
1.321801271652989884231e+00
1.321008730900763428195e+00
1.320919522447015159727e+00
1.320844423731899253127e+00
1.321163669879904078996e+00
1.321446373972993137969e+00
1.321082957420711245788e+00
1.320779027586725717924e+00
1.322459874840907323446e+00
1.324004059730546911666e+00
1.322355866448524208678e+00
1.323990631479703861118e+00
1.325876956274692597404e+00
1.326411680874804099872e+00
1.331009328558137472243e+00
1.327438293091475651764e+00
1.329283940753585246952e+00
1.332330524482872924352e+00
1.328775928789604154900e+00
9.525519037691038137794e-01
9.525519037691038137794e-01
9.525519037691038137794e-01
9.525519037691038137794e-01
9.525519037691038137794e-01
1.331489825769213597439e+00
1.340909568434649479229e+00
1.334339007257324904998e+00
1.336754327466995295737e+00
1.332219070357489432155e+00
1.329962454039489649915e+00
1.328486216664056529524e+00
1.327414843600461358264e+00
1.324661286848991981202e+00
1.324999070372166132259e+00
1.322707549186563635857e+00
1.324322897833852374916e+00
1.322971051100830353064e+00
1.321604916521042616395e+00
1.322435547356076490644e+00
1.321391610817678641254e+00
1.322192175888235121661e+00
1.321480968316484760905e+00
1.322329746290639596040e+00
1.323201694419004814662e+00
1.325264610472801418695e+00
1.326303509523875101550e+00
1.323915279780370601870e+00
1.329910564849460685721e+00
1.326425843241118673888e+00
1.330043459595155352915e+00
1.334891270351918235448e+00
1.333891302722004956749e+00
1.339789777317022423375e+00
1.336113302884926135050e+00
1.342385699374437635356e+00
9.525519037691038137794e-01
9.525519037691038137794e-01
9.525519037691038137794e-01
1.346417385618718931539e+00
1.358412672810547672242e+00
1.339839847441120390670e+00
1.333367826690323054706e+00
1.338110595311711614741e+00
1.327490923218934026906e+00
1.329316481090447865654e+00
1.331364730486234382312e+00
1.326174923785594872427e+00
1.325138548190516241121e+00
1.323444705075376148784e+00
1.325330122288187029156e+00
1.324210004627910164388e+00
1.323499241687070560047e+00
1.324246562086272005487e+00
1.324135989708114857777e+00
1.322978272387612896921e+00
1.326557970996230517713e+00
1.328176553030838258351e+00
1.329657745673463065117e+00
1.332265449444495652997e+00
1.334602853018689083697e+00
1.334734210166315548918e+00
1.341586610307319960000e+00
1.341207584860915291713e+00
1.359046441255843618023e+00
1.347213636686050763913e+00
1.349537828136166517368e+00
9.525519037691038137794e-01
9.525519037691038137794e-01
9.525519037691038137794e-01
9.525519037691038137794e-01
1.361953510437102110586e+00
1.357206114749514025419e+00
1.348893878929896095187e+00
1.345698935221216530067e+00
1.341377465939057822553e+00
1.333721851059371577009e+00
1.337116749606486187929e+00
1.327579014392673339984e+00
1.327821899462981347639e+00
1.326065811396089033636e+00
1.330652134491693949769e+00
1.326630092225308921172e+00
1.328196082546581724415e+00
1.326822388878204028728e+00
1.325260516387830156404e+00
1.327565961238509117948e+00
1.326013154475034427904e+00
1.332202531190018301999e+00
1.329810561716356476225e+00
1.329459208935569458632e+00
1.337102354419638761129e+00
1.341524156258413258413e+00
1.351065829339979318391e+00
1.350890781496862924627e+00
1.363758234878119868227e+00
1.374640725640876137703e+00
1.361723185833581872828e+00
9.525519037691038137794e-01
9.525519037691038137794e-01
9.525519037691038137794e-01
9.525519037691038137794e-01
9.525519037691038137794e-01
9.525519037691038137794e-01
9.525519037691038137794e-01
9.525519037691038137794e-01
9.525519037691038137794e-01
9.525519037691038137794e-01
9.525519037691038137794e-01
9.525519037691038137794e-01
9.525519037691038137794e-01
9.525519037691038137794e-01
9.525519037691038137794e-01
9.525519037691038137794e-01
9.525519037691038137794e-01
9.525519037691038137794e-01
9.525519037691038137794e-01
9.525519037691038137794e-01
9.525519037691038137794e-01
9.525519037691038137794e-01
9.525519037691038137794e-01

