381
-1.193055029997141192055e+00 -1.409010793348445700346e+00 4.698178339768298017454e-01 
-1.328352794005856818416e+00 -1.279282940539435697858e+00 4.778436252564055575220e-01 
-1.364139222747896562637e+00 -1.157165918030687024043e+00 6.553714493365864202090e-01 
-1.496186059106047849809e+00 -9.962660352042277400741e-01 6.311115441280872317975e-01 
-1.533080610055980175233e+00 -8.314213830811497674134e-01 7.666960573280574564592e-01 
-1.412526868627040244064e+00 -9.950782955126702411519e-01 8.025008091602549020749e-01 
-1.597172969355987071083e+00 -6.566505326840030853930e-01 8.045303607577344306989e-01 
-1.467231814871561068614e+00 -7.640368475918750679199e-01 9.449333386261443701315e-01 
-1.502385197314519915679e+00 -5.934550492589256709408e-01 1.009985317168459628689e+00 
-1.627481141617471482874e+00 -4.908668827005995272117e-01 8.601019443321030744087e-01 
-1.551090116339382429800e+00 -4.049777495018081485689e-01 1.029336189444103766277e+00 
-1.610070705112224942468e+00 -2.029403751970563218876e-01 9.979519257714155600070e-01 
-1.609776964717896330370e+00 1.994796886896435528236e-01 9.991228628954975654608e-01 
-1.630976111440396003616e+00 5.720424311053949086026e-03 9.845327410264438361409e-01 
-1.484384644112422657614e+00 5.737199828775813026382e-01 1.047314722071049475360e+00 
-1.616971832350823312652e+00 4.781405809682425789298e-01 8.866815638728190451801e-01 
-1.545538257687744998492e+00 3.835598272648981232891e-01 1.045759948759096058524e+00 
-1.569848978894444746501e+00 6.510095384407068586086e-01 8.609188590220703263256e-01 
-1.464377686373236731043e+00 1.019062990883654151730e+00 6.682283515086763214796e-01 
-1.396538063024788334232e+00 9.911599926206943189655e-01 8.346878608484092909592e-01 
-1.500317876002239092514e+00 8.239803903137955520819e-01 8.363749785969399885843e-01 
-1.336578498093555777970e+00 1.174763603044825188704e+00 6.803740977518846211325e-01 
-1.343803228616257561256e+00 1.255525882593659492414e+00 4.972606543800846545800e-01 
-1.227738766949923565619e+00 -1.297977553803579375824e+00 6.613110519618837779277e-01 
-1.084155906680016157040e+00 -1.407164900167269472320e+00 6.884137064619256785036e-01 
-1.616575586485861082409e+00 -1.856549397978394022601e+00 1.228204959431757892219e+00 
-1.845414670482399044360e+00 -1.672466034597003270434e+00 1.196504946012433956426e+00 
-1.768699970304317581338e+00 -1.542321553379499166070e+00 1.403372619164161783090e+00 
-1.956314968380584273788e+00 -1.320825381746756344015e+00 1.376131585134563017903e+00 
-1.792907737337417595214e+00 -1.249612731058979964160e+00 1.598477121839454229146e+00 
-1.926278154426279476397e+00 -1.029659158216313707968e+00 1.586400483976693642774e+00 
-1.879772816813949809500e+00 -5.768368406145083504555e-01 1.811449038867307681500e+00 
-1.984046781154142902182e+00 -7.459517678700277043546e-01 1.645766982045243631561e+00 
-2.071698005905656003733e+00 -4.387725656044692001956e-01 1.631283344559460113388e+00 
-2.131115394597747680905e+00 -1.613915173677095138416e-01 1.598071611907244449213e+00 
-2.128449596341753569106e+00 1.035028407365756741854e-01 1.607889525383321416285e+00 
-1.954334036480797287538e+00 -3.025533933880112866244e-02 1.813185896234881022693e+00 
-1.935106171135783981185e+00 -2.819033919899999185432e-01 1.814371301442207817800e+00 
-2.074466444890271432655e+00 3.613081757418628026102e-01 1.648499454244472417486e+00 
-1.922414959574436643663e+00 2.296442874096275288398e-01 1.835271142751939699167e+00 
-1.982738870769170436148e+00 6.484350306948338804602e-01 1.684480814993839725702e+00 
-1.858711873688961846440e+00 5.055514803026995851454e-01 1.851630871672811595730e+00 
-1.886725246737841032996e+00 9.202513080648028198638e-01 1.679683772427776000669e+00 
-2.030373967813298818896e+00 1.057964781759175298959e+00 1.442890139290703421793e+00 
-1.787128354519414985546e+00 1.158492255355744182665e+00 1.651497444685223081606e+00 
-1.913877971916655207352e+00 1.294262982838958020437e+00 1.425640358562170861845e+00 
-1.748267927532509036226e+00 1.512423240358241827153e+00 1.432170059006288909131e+00 
-1.815498998730530111345e+00 1.654731738202867674659e+00 1.220776405717108881177e+00 
-1.716645530030216582063e+00 1.893331451270230614270e+00 1.044067410675969309608e+00 
-1.060741045876975707785e+00 1.477340391812958841911e+00 5.671986581492671763982e-01 
-1.212562257276755817159e+00 1.366667166919407927494e+00 5.397537814494248742392e-01 
-9.097894315142022181320e-01 -1.527506476600445806113e+00 6.844177611264424809789e-01 
-9.473058924270578717852e-01 -1.423171341175251125577e+00 8.406041858847649317354e-01 
-1.289970476705597945966e+00 -1.923031198402635810751e+00 1.414575219468731104300e+00 
-1.530048737884555087874e+00 -1.745028933753512312421e+00 1.428994235212219798825e+00 
-1.618528759850424325606e+00 -1.464026181201577792024e+00 1.605557011842564829607e+00 
-1.398044512701710928582e+00 -1.638329025180145004370e+00 1.632005117104511793258e+00 
-1.511345618787617084422e+00 -9.600600077466892035005e-01 1.986165865084781989580e+00 
-1.643852708715334065559e+00 -1.126722097295751678914e+00 1.804002027263722496286e+00 
-1.480832538860516356394e+00 -1.333592275939468496659e+00 1.805949236484648556811e+00 
-1.783255613603681677404e+00 -8.964492019818355306171e-01 1.793517304961165681476e+00 
-1.500297474984564782829e+00 -6.013598399517606774012e-01 2.117492817298823659655e+00 
-1.666656914676745593340e+00 -7.257752892404060185427e-01 1.958216427681818361251e+00 
-1.466233277106255838973e+00 4.614614815425859828402e-01 2.171310451887533687909e+00 
-1.515809168931594008711e+00 -8.429661752156486498322e-02 2.182434940755317409611e+00 
-1.528167620050032482482e+00 1.849671164019978109039e-01 2.168264041416610332647e+00 
-1.506931811661915476819e+00 -3.458857661707031017073e-01 2.164684635595504946792e+00 
-1.703570779502186161025e+00 3.587678416225786870442e-01 2.017135757399891815567e+00 
-1.734492350084402501054e+00 -1.739234693166493983529e-01 2.013140612808519858135e+00 
-1.728484954151570551772e+00 -4.327062080403736854528e-01 1.983343936243455729596e+00 
-1.744712893448667312413e+00 7.996663371505854933652e-02 2.009984863192148196731e+00 
-1.616411611769281941875e+00 6.340113634709629852892e-01 2.024624991130253626181e+00 
-1.747147484708513109908e+00 7.882213283625014721423e-01 1.867667803394319925303e+00 
-1.471324470697486619386e+00 8.837848878281679976254e-01 2.043309446912063620516e+00 
-1.622444416224462004905e+00 1.035552187275247337794e+00 1.864281595146233039273e+00 
-1.474063116508212534228e+00 1.228127626107541559008e+00 1.871534998623203938095e+00 
-1.448272448274025459014e+00 1.522043083778919392302e+00 1.686035792385965903506e+00 
-1.639108017970096531357e+00 1.361975734829804052239e+00 1.653909432794113953946e+00 
-1.563170011071708609407e+00 1.851737519808007936817e+00 1.262327656404184095251e+00 
-1.315902805552991550186e+00 1.846185080887801532867e+00 1.472972492454258652828e+00 
-1.543174852528107265925e+00 1.685106492366095887192e+00 1.464655080924131658193e+00 
-1.015140591592717633773e+00 1.431883962646641084149e+00 7.406877981394832666240e-01 
-9.023308049891419768684e-01 1.421283752158556401568e+00 8.917242464542044499964e-01 
-8.476152048080481948844e-01 1.548652592366474678443e+00 7.159917110074558443955e-01 
-7.519151965636625689626e-01 -1.559541330446971407753e+00 7.949055876649093743680e-01 
-7.448697430845645506281e-01 -1.473255566403192107217e+00 9.508457390111817453260e-01 
-9.577054667014798239322e-01 -1.964305502740784747928e+00 1.560794292645171221778e+00 
-1.175730797752783107768e+00 -1.802524244088288263299e+00 1.620488712218424831590e+00 
-1.268320567579719782003e+00 -1.502767674199274816615e+00 1.827622102747424426283e+00 
-1.046876475597396938255e+00 -1.669153294418932897969e+00 1.815027129138212069748e+00 
-1.345709738048578074654e+00 -1.180396419902414395509e+00 1.987832529046749341362e+00 
-1.128315877309856496424e+00 -1.365235984663816237727e+00 2.000550425229133288951e+00 
-1.163396965190281129310e+00 -1.078918049022839387163e+00 2.141211032009642245555e+00 
-1.251710360980583525148e+00 -6.104031205244061508708e-01 2.264269268400739942848e+00 
-1.085495284569597762570e+00 -8.499117167850899212667e-01 2.272835095106787939301e+00 
-1.346618324166377833606e+00 -8.448498693206311083159e-01 2.138909438349349212416e+00 
-1.284756124293368051426e+00 -8.755561489324331647666e-02 2.321384615380121196893e+00 
-1.028877361116757649384e+00 -3.213826722380073719343e-01 2.422819866104912733817e+00 
-1.044030744925690257219e+00 -5.855078880344517094914e-02 2.436196983281911254693e+00 
-1.054829284876043660191e+00 2.069681676128580505303e-01 2.423819379804888374252e+00 
-1.301800957643335143743e+00 1.801231142036476551294e-01 2.307011534591696833019e+00 
-1.241210297935059658769e+00 4.456001910587465419944e-01 2.305099053912010198530e+00 
-1.271777691225199014013e+00 -3.563299357619524321272e-01 2.304118980323063503590e+00 
-1.338463493040979335191e+00 7.215352020880594352548e-01 2.184004762339558869400e+00 
-1.130988305997450149576e+00 9.524323352978574241945e-01 2.211361324698212005302e+00 
-1.104360462183726632190e+00 6.959910347588998957846e-01 2.312803364424708796321e+00 
-1.298286592706300313083e+00 1.083221732751803445538e+00 2.063738753325462749189e+00 
-1.100817275633315883709e+00 1.254145509714735373663e+00 2.078947018532590007567e+00 
-1.085080617446373629775e+00 1.542047692265813063628e+00 1.895820326894012142205e+00 
-1.282264510651351496762e+00 1.387871976187087685872e+00 1.896776558144770197245e+00 
-1.249437370501427224667e+00 1.678097473518198823328e+00 1.688620952485429205225e+00 
-1.035087588929358481948e+00 1.820512087606766860048e+00 1.674866851511928489415e+00 
-1.063948042189055476214e+00 1.994288831628918678973e+00 1.460164225361833212347e+00 
-5.690184493941617960289e-01 1.617201886569798796600e+00 8.308408871864235711868e-01 
-7.252144100767954348896e-01 1.535527720781194371824e+00 8.635040217775780124754e-01 
-5.603111763374165610330e-01 -1.559792581767845742746e+00 9.394248267051255041338e-01 
-3.680228969089371360290e-01 -1.582726505624701296426e+00 9.944629069202892690527e-01 
-4.403177194951699569003e-01 -2.058254546534658224743e+00 1.627764381644077440470e+00 
-7.133607191296083005483e-01 -2.056739725182608502507e+00 1.550356131995181518946e+00 
-5.984582654950849622821e-01 -1.889632128924495724220e+00 1.779959378836508898658e+00 
-8.376706069790179620682e-01 -1.819367937678503244214e+00 1.769819474452642316109e+00 
-4.976053280208964091358e-01 -1.482822486589932875489e+00 2.145612286411459734836e+00 
-9.040977545343484855778e-01 -1.519285439247713975774e+00 1.997338857737042117080e+00 
-6.958334297024408865440e-01 -1.646715769110242089113e+00 1.973733546993055920638e+00 
-6.387115758629881012709e-01 -1.125071307017811106377e+00 2.316345737105520719012e+00 
-9.351870356724529820269e-01 -1.239202551284478870386e+00 2.162102811597236051711e+00 
-8.754178115077271282729e-01 -1.006251887913054865464e+00 2.296959568455463340797e+00 
-7.135397506718493820799e-01 -1.362519760577175942373e+00 2.167996422177209669968e+00 
-5.826603898032293171738e-01 -6.121418147529937847651e-01 2.509422663225063576675e+00 
-5.816750893929810706240e-01 -8.954749939585483486937e-01 2.425240166194775337516e+00 
-1.001318512559987938815e+00 -5.847897423974863784224e-01 2.386500502340371365761e+00 
-8.122901495816005068562e-01 -7.492403471054042141120e-01 2.410657769395602834095e+00 
-7.763684301988047486986e-01 -1.722673094714147756790e-01 2.525963628391733273304e+00 
-7.664022798747460729629e-01 -4.288118343164075141338e-01 2.499164788578552176546e+00 
-5.363263551630925718428e-01 -4.701763140470930496528e-02 2.590480365063064116526e+00 
-9.745261863136143176689e-01 4.506509529330293140070e-01 2.424400685335332372716e+00 
-7.329563238460092833293e-01 3.301182624122011022294e-01 2.523115857303845466220e+00 
-8.014435529027387206114e-01 9.491299770331218521591e-02 2.522322760153723919530e+00 
-8.314622774565828544624e-01 6.643482222873248188577e-01 2.428050090821485262893e+00 
-5.875726911364449467357e-01 5.247198947982332217777e-01 2.527506611486330267979e+00 
-8.862652242560721260745e-01 9.180656198993408789732e-01 2.327646960907721940259e+00 
-6.067208656720000092832e-01 8.072364113624150849802e-01 2.449358109405631367395e+00 
-8.850678255457551379948e-01 1.413368755526425601943e+00 2.076170012073898174521e+00 
-6.164952321968484305614e-01 1.044579404355265195292e+00 2.357972999024240845500e+00 
-8.855536901317901943287e-01 1.156692201369353689699e+00 2.223195894146132722824e+00 
-6.391326143527495950991e-01 1.281549217668898732470e+00 2.235581738347447888771e+00 
-4.687357176693902616194e-01 1.676629435589982453081e+00 2.008031044380914842407e+00 
-6.558024892271479000527e-01 1.803690156334397887150e+00 1.848248640273834286774e+00 
-6.764417078868054655771e-01 1.540919989768057662971e+00 2.059951620064098598561e+00 
-8.802785095167265927429e-01 1.681825258260572386604e+00 1.877015398035734472515e+00 
-7.963785918509979078195e-01 1.941119778336106271865e+00 1.656216691215889547095e+00 
-5.378562790221849132521e-01 2.033938514817134279866e+00 1.635050792172265676783e+00 
-5.808971534371973888256e-01 1.500370352112372795972e+00 1.020229298308636067816e+00 
-4.094785528242017025313e-01 1.564170670460514056543e+00 1.007530617869591083036e+00 
2.384073661748226102830e-01 -1.525217375086775462023e+00 1.116375565830588501015e+00 
1.614867958935942426901e-01 -1.650094330964737343592e+00 9.383662564087821289505e-01 
-9.142067430108811662559e-03 -1.629017512175132464947e+00 9.877443419865393758883e-01 
-1.856872270764231003248e-01 -1.594645118813842632477e+00 1.025693773131352681816e+00 
2.231983735045603156610e-01 -1.932526982502086543292e+00 1.802482343663759145613e+00 
1.022964935834333038978e-01 -2.118839898782871156158e+00 1.593331136381788359913e+00 
-2.211156105804027230399e-02 -1.916213668860265562088e+00 1.834236801039894837473e+00 
-1.513302954266640132364e-01 -2.081881636654023370880e+00 1.640561674257080548855e+00 
-3.011187206918097825081e-01 -1.908098948147335827130e+00 1.823266443503184897068e+00 
-4.508406869587203158467e-01 -1.719798940794315722513e+00 1.975075269506275654763e+00 
3.504665076357407760277e-01 -1.725924354308304042860e+00 1.981119374166585789254e+00 
5.328361592031206211972e-02 -1.513834806184125136852e+00 2.173015204412596546035e+00 
3.415843999861333246670e-01 -1.517054657982751519896e+00 2.144044343671119179362e+00 
-2.413105681738870189612e-01 -1.511291167144637404007e+00 2.165084126787973684003e+00 
-1.810208560261167831662e-01 -1.718482279343152896445e+00 2.012687883865873494926e+00 
8.659064175028423349101e-02 -1.718146347138309826263e+00 2.016405186086347001151e+00 
4.261446971099348002276e-01 -1.250370568461792508685e+00 2.293032472227609641635e+00 
-2.503170390635636038956e-02 -1.100049703923647870241e+00 2.406453750275278746784e+00 
-1.304679324539858575882e-01 -1.312348378754701672122e+00 2.296668194436024545979e+00 
-4.125923111746254701160e-01 -1.254790882470943280680e+00 2.298523242178145853387e+00 
1.745246302261098392261e-01 -1.311564874877580555435e+00 2.292324236506187773443e+00 
2.269431996346614743842e-01 -1.049443604206351077224e+00 2.417081257278929751209e+00 
-3.062602962501296821607e-01 -1.054942079100249285872e+00 2.409376740102220360029e+00 
1.557132836064951120214e-01 -7.740351574772506015876e-01 2.522926315834549182426e+00 
4.259998063671826540322e-01 -6.415479295118473590520e-01 2.527914776199507773669e+00 
4.220852857323180162830e-01 -9.063964883208173173301e-01 2.447502299729260144545e+00 
-3.397280229715545774027e-01 -8.050448555416760409997e-01 2.498224115767792685716e+00 
-7.562192026866593197454e-02 -8.468780224414794721710e-01 2.504531480193254999733e+00 
-8.362574370389233568979e-02 -5.631151745770647254474e-01 2.581800596313522877523e+00 
-3.205748831042563029570e-01 -5.334570833528899935772e-01 2.570950484450567952166e+00 
4.164729294598065734156e-01 3.488731096975602463672e-01 2.585758908153215518411e+00 
1.926399706991977489601e-01 -5.089070420675124717391e-01 2.585951061190967958936e+00 
2.062042833011023812428e-01 -2.454493880675948369596e-01 2.622557312884473468273e+00 
1.721858047996663587664e-01 2.556612076162573243820e-01 2.624335646040270031421e+00 
-4.800308483271016890548e-01 1.929057870718466072280e-01 2.594454955312126109845e+00 
2.735864896502015475299e-01 0.000000000000000000000e+00 2.627645860083739570712e+00 
-4.983886582597344960810e-01 -3.256741244018133141225e-01 2.578103207520353379323e+00 
-2.304783108713346073682e-01 8.143318548277646284905e-02 2.632465708687587113701e+00 
-2.783854402020153884223e-01 -1.966449325064768827165e-01 2.622077662457664271045e+00 
0.000000000000000000000e+00 0.000000000000000000000e+00 2.642663710734738824470e+00 
-3.336418450065364305068e-01 4.035483865252798563183e-01 2.592620105075364111968e+00 
4.698747644751739560576e-01 -3.679803408658245400531e-01 2.573536832898908333078e+00 
-5.761646383715501862355e-02 -2.964939440455829910981e-01 2.625769176177029873287e+00 
-7.559001851330043875166e-02 3.199500058405260194405e-01 2.622833019811884103234e+00 
-3.492552862807492553010e-01 6.769393233241225438235e-01 2.534147235650136664731e+00 
-3.253893057223276041867e-01 9.215029835987286199739e-01 2.460471794510585397120e+00 
4.622337575933977427134e-01 6.214348478851453583260e-01 2.527286695117066273042e+00 
4.660774458585670299016e-01 9.112855545562293935191e-01 2.439119222196252323442e+00 
2.182271765578668865082e-01 7.880309771819090647327e-01 2.514622760122665834359e+00 
-8.214286110490448544752e-02 5.870587027874558661011e-01 2.576885029591715170483e+00 
1.840860777003505144300e-01 5.400550337767713315884e-01 2.580817340797531223018e+00 
-5.500011160935909526604e-02 8.377024137530252323458e-01 2.508515152353634647397e+00 
2.266672713381961412615e-01 1.049123408362830023322e+00 2.418506725373097854259e+00 
-4.403218933247348559901e-02 1.072775454029924580013e+00 2.419219949792406954003e+00 
4.310305683095426720897e-01 1.207578513863586389121e+00 2.316697968824354081363e+00 
1.293457466238540354286e-01 1.293143972935248298128e+00 2.307363733082497869731e+00 
-1.612265970048152585736e-01 1.298003458491064021629e+00 2.303960880906593011730e+00 
-4.344057381791811556226e-01 1.413470656347653120477e+00 2.203176755782095597169e+00 
-3.581977369133099164955e-01 1.153105652392937718886e+00 2.358521939186402516242e+00 
3.392775129977936843240e-01 1.437808091639010354967e+00 2.200211511468650460444e+00 
-2.193909548288202893129e-01 1.772683155151050460319e+00 1.964336954680093061398e+00 
2.824408262237124156435e-02 1.504583282326823256980e+00 2.181937354585352206726e+00 
4.192136140417455913987e-02 1.717849491909787973398e+00 2.021188382045504994267e+00 
2.971495937946576071376e-01 1.647601974763930776646e+00 2.057677781312855724849e+00 
-2.305117413426468475635e-01 1.547197444444996516921e+00 2.142243070313614605737e+00 
1.343460784842159805308e-01 2.069729426604487443342e+00 1.659199712207940935471e+00 
3.954240174948627783991e-01 2.044958410724882380549e+00 1.652978944192023069704e+00 
-3.939186076907358335930e-02 1.930928490273178033121e+00 1.821959259748745951768e+00 
-2.040831454433970626461e-01 2.059770921815493593954e+00 1.666077329266135498287e+00 
2.357267586148505122967e-01 1.876070492969842185005e+00 1.864088659096079014788e+00 
-3.920191269450099547100e-01 1.914019849491445768308e+00 1.803869686298972707661e+00 
-2.360880007341797232057e-02 1.581711370461068133508e+00 1.061627186261654864907e+00 
-2.262681527611996867844e-01 1.571927161794145266782e+00 1.052268140046259015108e+00 
1.628763200313968761979e-01 1.598008805452196590124e+00 1.024333773516645340607e+00 
3.480180934245571400254e-01 -1.601180304766377737735e+00 9.718670463463415787331e-01 
5.347070150151936873684e-01 -1.531394669623665993896e+00 9.991693006884969641135e-01 
5.949888989134619610155e-01 -2.039157628135995103946e+00 1.595450777834935163213e+00 
7.472001758501741752738e-01 -1.806290218884948117761e+00 1.799640827833274059344e+00 
4.695250979844450833767e-01 -1.914495510408968259597e+00 1.776331952008405545840e+00 
8.282285449848012515162e-01 -1.513778984453170606272e+00 2.015685798160400832302e+00 
5.847522520149663893818e-01 -1.444568925429244865555e+00 2.142283006923988875059e+00 
6.066415267498944663416e-01 -1.681116754144279079597e+00 1.960064135202804980196e+00 
6.035529345253649591285e-01 -1.090329602528595565047e+00 2.333659345635773263439e+00 
7.734818786108627053366e-01 -1.268691262181045775748e+00 2.192714812221915998691e+00 
9.316091946937555823283e-01 -6.070697311744672752809e-01 2.398386727810794205595e+00 
8.169309198308283281875e-01 -9.410619298434398372066e-01 2.333544393363471414204e+00 
6.686353651178797985466e-01 -7.642622518141658494173e-01 2.440640937983672653644e+00 
9.878019698647935165070e-01 3.737787876813697396372e-01 2.423462624672500176359e+00 
8.245950778135711090044e-01 -2.761408991047900052251e-01 2.494803685653725011662e+00 
8.111765842501283962918e-01 -4.341171066720191790145e-02 2.513845960210737029428e+00 
5.253189920442591365202e-01 1.143449854695306328045e-01 2.586403902662959719549e+00 
7.019478980822602132150e-01 -4.991942389416481051789e-01 2.497992800355419706904e+00 
6.778002779731615579095e-01 4.686152217462334901299e-01 2.511148867405658346996e+00 
7.586046270377122535677e-01 2.273047350955294532149e-01 2.520692821188241339314e+00 
5.414011569725242223328e-01 -1.461897046946591671723e-01 2.581345059522621721015e+00 
6.868328835901672535513e-01 7.807169417727004567809e-01 2.431942048878881212914e+00 
8.688337889581329021027e-01 9.547676954235950752548e-01 2.312032330152857362293e+00 
8.960205486585558487533e-01 6.165743303743260739225e-01 2.410701852496152319816e+00 
6.594999482909835730737e-01 1.098422661673166711438e+00 2.317397730971342273421e+00 
6.277973102566012375547e-01 1.383604877615096873100e+00 2.173317025331385377029e+00 
8.522030621325437094171e-01 1.270885000264243558377e+00 2.167042465121475469658e+00 
7.354286011936923550536e-01 1.767809407474061567100e+00 1.849415583969063581193e+00 
5.681079176539400865664e-01 1.604396285178723902121e+00 2.037531752357753411786e+00 
8.401591474365897038723e-01 1.539606194718535325805e+00 1.997931068066278292861e+00 
6.441699477539720719577e-01 1.984755747325626318300e+00 1.657168732430035040792e+00 
4.784302310128448754156e-01 1.828284518970001215621e+00 1.868438414149721893409e+00 
3.540697660165615379135e-01 1.564095490097882734659e+00 1.028426184101230544954e+00 
5.250740822155163245455e-01 1.606979977743323351191e+00 8.782557012705225485405e-01 
5.503045909920099010293e-01 1.509028550806752688729e+00 1.024411151579171841419e+00 
7.748547107796991406659e-01 -1.519038835706592927011e+00 8.494361131328497238613e-01 
5.846054787685673881370e-01 -1.605435015498189788019e+00 8.427546278144532054810e-01 
8.624869093818504639515e-01 -1.934153075250604203461e+00 1.614505756307885731005e+00 
1.237899860954537745172e+00 -1.870788751421975648626e+00 1.469662296134772727640e+00 
1.094146131063995719401e+00 -1.781609348959549921076e+00 1.658479640131729659913e+00 
1.010537220695193250108e+00 -2.031503376698165386216e+00 1.414021599573550558304e+00 
1.220111274222584363258e+00 -1.521659099367817402637e+00 1.815244520587449450488e+00 
9.804956863108450493272e-01 -1.644303367033609131198e+00 1.846644297883793361947e+00 
1.250704693000707079520e+00 -1.255059533419055295411e+00 1.979915616874987849272e+00 
1.046255193922175807941e+00 -1.367919294703713539718e+00 2.020462209597475577993e+00 
9.764383574634289963967e-01 -1.136764887183093764023e+00 2.184775463256450667160e+00 
1.179750252375343588795e+00 -9.954999438022861246722e-01 2.153986849973410500070e+00 
1.224580921766751151480e+00 -5.715323952973982990500e-01 2.274197293523808394156e+00 
1.338089939592559840520e+00 -7.582496453542497683031e-01 2.156362061387081308084e+00 
1.042637702507186014955e+00 -8.083450449481230926096e-01 2.293576795710511539994e+00 
1.065513168689762091290e+00 -3.754990579262108552072e-01 2.389610923630790306760e+00 
1.250138956008535195963e+00 2.865035443840164286478e-01 2.313095635154142737377e+00 
1.030407036171995027729e+00 1.103786588096297566208e-01 2.431127526075913092285e+00 
1.316004944646433250099e+00 3.807284530409233563875e-02 2.293349089004299568018e+00 
1.115395047513365378578e+00 -1.268528880377197409768e-01 2.392707677772160312912e+00 
1.329089131191832473533e+00 -2.829645379579516228929e-01 2.268849264121848285924e+00 
1.199970603454969975132e+00 5.367408328266403128026e-01 2.296830582710397195001e+00 
1.379014640419538917371e+00 6.844275594384924277236e-01 2.157587237744083008550e+00 
1.248735863343704455275e+00 9.181928059973494260504e-01 2.152650624721847094634e+00 
1.070639577367435313349e+00 7.787981737258137249214e-01 2.293078928453960774192e+00 
1.250497548487918386684e+00 1.208979663267769621982e+00 2.012280422064355978051e+00 
1.049444200636787449810e+00 1.105830206672162585591e+00 2.171043181107383368555e+00 
1.057179646076731538429e+00 1.397323701336226742242e+00 2.001479474601851382687e+00 
1.228475669575344930706e+00 1.509523112200372052527e+00 1.827546529542091402476e+00 
1.003912661776431347604e+00 1.679067677561160376598e+00 1.813823346305797556965e+00 
1.161485539892367357950e+00 1.784381761017272749470e+00 1.626984837416322937642e+00 
8.978049468007323064001e-01 1.906155374653854872591e+00 1.643567156450451038907e+00 
1.038731924795087246949e+00 2.018652009428147042769e+00 1.433205329596283661431e+00 
7.336843096458085522471e-01 1.531434759106895526770e+00 8.636176410167485384406e-01 
9.687394771861614906072e-01 -1.491320238173674095350e+00 6.833215129434123680241e-01 
9.337416914048332072795e-01 -1.411358465693674180130e+00 8.749938585749132968772e-01 
1.481819760309422528977e+00 -1.736034132329906443104e+00 1.428899854618041143084e+00 
1.543971123533007805406e+00 -1.893572639911748733965e+00 1.188139632233121689708e+00 
1.606938404965929878543e+00 -1.439061985945782051743e+00 1.589821634780302694878e+00 
1.443207264110440979366e+00 -1.354120840867291342136e+00 1.787453100408291861712e+00 
1.368276931195479440007e+00 -1.621479331087667397071e+00 1.631190632499961656876e+00 
1.400220101146171458595e+00 -1.037520113348797679009e+00 2.002963875774482094272e+00 
1.701890272204965359748e+00 -9.074201637131061870534e-01 1.829887257580574022597e+00 
1.573111579939866278011e+00 -1.134205760432744902744e+00 1.824561709669204612183e+00 
1.543405469808585950275e+00 -7.887287044892725695888e-01 2.007676841623303953810e+00 
1.655228544986673266948e+00 -5.554250961225373206531e-01 1.993913266433735120842e+00 
1.514059060020080726972e+00 1.927607279061926692787e-01 2.162519829762580947374e+00 
1.727238304731882001519e+00 2.866330643144519019216e-01 1.990097750686212974003e+00 
1.699355414402714092859e+00 8.774992100293583022208e-03 2.031315514754027606870e+00 
1.466610894853173974184e+00 -4.678047154223932135864e-01 2.153325846756953154681e+00 
1.474134771540590138628e+00 4.375434167329404488989e-01 2.156385462434274202792e+00 
1.675843847621539373094e+00 -2.917587503577702690016e-01 2.029721337262793579015e+00 
1.507697367659377007953e+00 -1.198555974412253005701e-01 2.171075613642658108660e+00 
1.664435617960708269081e+00 5.535006752109685734808e-01 1.990556524658192660837e+00 
1.573554834077039110696e+00 7.926200453683934776805e-01 1.987936234368825605401e+00 
1.446995589374614255007e+00 1.012230644474647833775e+00 1.988354035184527912605e+00 
1.753369638789260331890e+00 9.111611273791545562162e-01 1.787513698089987501660e+00 
1.622233459946392564177e+00 1.122819622716513920935e+00 1.797858113816437786170e+00 
1.425112861606913083889e+00 1.309355276418881386391e+00 1.838669012886708475918e+00 
1.584492168140279710897e+00 1.409551430396038806947e+00 1.643766366000392498137e+00 
1.383626574235421680115e+00 1.605294283532139321125e+00 1.644371888923665370186e+00 
1.529505830403282029550e+00 1.905115217244427228138e+00 1.191292089181648750085e+00 
1.288875657817065922828e+00 1.894074325189712748596e+00 1.418174996548442923228e+00 
1.498753478760459723063e+00 1.724901609071229025005e+00 1.436475494816681575116e+00 
9.296693169074277118824e-01 1.520161427741424153837e+00 6.739767891438160907214e-01 
9.165020664416757556481e-01 1.445309529452982744147e+00 8.369736219123702358758e-01 
1.247918250720984501001e+00 -1.294926994670359432504e+00 6.287166575557266989804e-01 
1.108969465155315248239e+00 -1.414987270390157814148e+00 6.304111892118671178764e-01 
1.744634218215432408527e+00 -1.744087606062786566241e+00 1.155023517240141739393e+00 
1.921959954522936664389e+00 -1.519334380727859645788e+00 1.168643112503712888639e+00 
1.694174453801350344051e+00 -1.578102810449091952805e+00 1.384710520721835980140e+00 
1.874397021665600515661e+00 -1.350895122183396690474e+00 1.380340780769117037252e+00 
2.000991656324406342549e+00 -1.139881309430581080022e+00 1.376182043280351985359e+00 
1.865130017971308618030e+00 -1.004331642381689704280e+00 1.621068743806439949040e+00 
1.750506755135012859625e+00 -1.222024721319702411648e+00 1.610560923722865744878e+00 
1.833891470882282659360e+00 -6.849438313316342785697e-01 1.793755328568878981699e+00 
2.083708047786835493298e+00 -5.668598194149733204839e-01 1.545727887920483212270e+00 
1.890488691626996731188e+00 -4.603509571806355116230e-01 1.802201888709361599084e+00 
1.992012134531049083463e+00 -7.905180229131638647289e-01 1.577817899327968120815e+00 
2.077555195379547914314e+00 -3.380775800734524549895e-01 1.615319648365008298185e+00 
2.046141360592201419166e+00 2.027682987683833149006e-01 1.681847164357336943397e+00 
2.046084852793177422114e+00 -9.991788089170113018600e-02 1.686826546732737019951e+00 
1.863556436442944219678e+00 -2.141333572987048350367e-01 1.872582724119341568425e+00 
1.891997144676140552022e+00 4.006059142701517972185e-01 1.819227097353602662366e+00 
1.893099946131439281771e+00 7.580471025906251880677e-02 1.855712742647150026443e+00 
1.997165797368468442841e+00 7.596542574443487794156e-01 1.591637057687653955540e+00 
2.052050482368661832311e+00 4.944771440861058242611e-01 1.618074686779469084641e+00 
1.837665251380358411026e+00 6.711966590549723887804e-01 1.800646723162811158048e+00 
1.913542928728777070546e+00 1.014403340376058393346e+00 1.568665084625826988685e+00 
1.783353977869314821447e+00 1.231013631968187471699e+00 1.582087947879502021209e+00 
1.897684065550423015978e+00 1.358304489848016771703e+00 1.362101171372832153494e+00 
1.698153962347423773238e+00 1.535682530700845926930e+00 1.434425285330962029917e+00 
1.922041583643943729598e+00 1.545122173298467238567e+00 1.165203721722705809682e+00 
1.801846270698338692284e+00 1.842264535692260896127e+00 9.581022365400081453046e-01 
1.724049879020884912251e+00 1.724759709451222366994e+00 1.212442204250926636178e+00 
1.106418127801187312187e+00 1.405250747426217916569e+00 6.561476821779893553455e-01 
1.222679656880580889577e+00 -1.391229758117620729507e+00 4.460434219613011452843e-01 
1.377042731706321632146e+00 -1.229200074189530589308e+00 4.714244479912131913224e-01 
1.501263587884038575027e+00 -1.006900250067181756819e+00 6.014815405353406418953e-01 
1.379549367468196230391e+00 -1.143616329693029287640e+00 6.468429103531394552817e-01 
1.471501664354664562495e+00 -9.238685889019710995029e-01 7.813899153036910627534e-01 
1.502950979864396963137e+00 -6.608431098115278290450e-01 9.663566907906490088820e-01 
1.551577044103896518834e+00 -7.817845855998355464322e-01 7.815638524297837674837e-01 
1.584705532236953651193e+00 -4.885456619639234054908e-01 9.377910373694141599188e-01 
1.621845395766209563249e+00 -3.055898669263660272222e-01 9.516579548138337507623e-01 
1.578756703650949111406e+00 1.738561342586124325305e-02 1.066135792767305856543e+00 
1.577627065777115200618e+00 2.061985974410639466115e-01 1.047852803230207241469e+00 
1.610440996875153407686e+00 -1.438648163083751374547e-01 1.007572939150757740379e+00 
1.569510721446446988026e+00 4.083073635017280822446e-01 9.996708006496426435206e-01 
1.632970532296792676163e+00 5.205515130002800194831e-01 8.317775426518946302323e-01 
1.448106916394994891917e+00 7.901285717324467716693e-01 9.529447603705047953326e-01 
1.572838057085912844002e+00 7.123308603127236349195e-01 8.050998131442596017493e-01 
1.518623424006554811783e+00 6.043286720920401089430e-01 9.787697735640672469515e-01 
1.473811198200235983435e+00 9.064272504950695585890e-01 7.973021441813064047466e-01 
1.497952168852539678312e+00 9.884978464771949635548e-01 6.390867115161259492950e-01 
1.383314658583103096134e+00 1.142296406549277776321e+00 6.411084092649976806655e-01 
1.408913037678314550405e+00 1.200950626063332915550e+00 4.495577421363455838943e-01 
1.273650764192552298226e+00 1.330671185022775704354e+00 4.863624633114542739065e-01 

